Name	PropCovLoci	Poly	Sample	AvCov	SDCov
3_3_10	0.08	0	1292	17.7	17.2
3_3_10	0.08	0	1382	35.0	36.9
3_3_10	0.08	0	249	23.7	30.8
3_3_10	0.08	0	4043	34.0	50.4
3_3_10	0.08	0	4167	37.5	38.5
3_3_10	0.08	0	4193	41.4	38.8
3_3_10	0.08	0	4293	34.4	26.5
3_3_10	0.08	0	6245	37.8	48.7
3_3_10	0.08	0	6417	38.4	45.6
3_3_10	0.08	0	666	32.7	40.6
3_3_10	0.08	0	759	85.1	86.8
3_3_10	0.08	0	767	73.8	74.3
3_3_10	0.08	1	1292	36.0	21.4
3_3_10	0.08	1	1382	72.5	52.3
3_3_10	0.08	1	249	31.7	27.2
3_3_10	0.08	1	4043	79.3	79.4
3_3_10	0.08	1	4167	78.4	64.7
3_3_10	0.08	1	4193	72.6	45.6
3_3_10	0.08	1	4293	67.8	41.9
3_3_10	0.08	1	6245	43.9	51.5
3_3_10	0.08	1	6417	52.1	56.7
3_3_10	0.08	1	666	38.8	44.2
3_3_10	0.08	1	759	130.1	96.9
3_3_10	0.08	1	767	108.4	78.1
3_3_10	0.17	0	1292	18.9	17.7
3_3_10	0.17	0	1382	37.0	57.3
3_3_10	0.17	0	249	34.9	38.2
3_3_10	0.17	0	4043	57.7	71.0
3_3_10	0.17	0	4167	45.8	46.2
3_3_10	0.17	0	4193	41.7	40.5
3_3_10	0.17	0	4293	36.9	29.4
3_3_10	0.17	0	6245	44.2	56.3
3_3_10	0.17	0	6417	50.8	49.2
3_3_10	0.17	0	666	45.5	49.5
3_3_10	0.17	0	759	112.8	105.3
3_3_10	0.17	0	767	102.0	119.1
3_3_10	0.17	1	1292	20.4	20.3
3_3_10	0.17	1	1382	40.5	42.5
3_3_10	0.17	1	249	30.6	35.8
3_3_10	0.17	1	4043	57.6	70.0
3_3_10	0.17	1	4167	39.6	43.2
3_3_10	0.17	1	4193	47.0	42.8
3_3_10	0.17	1	4293	37.4	30.0
3_3_10	0.17	1	6245	42.6	54.7
3_3_10	0.17	1	6417	44.2	49.0
3_3_10	0.17	1	666	39.6	47.8
3_3_10	0.17	1	759	111.0	93.2
3_3_10	0.17	1	767	96.0	82.5
3_3_10	0.25	0	1292	14.1	12.7
3_3_10	0.25	0	1382	37.6	33.1
3_3_10	0.25	0	249	42.6	47.7
3_3_10	0.25	0	4043	46.6	50.4
3_3_10	0.25	0	4167	46.7	47.1
3_3_10	0.25	0	4193	67.0	60.7
3_3_10	0.25	0	4293	50.3	39.7
3_3_10	0.25	0	6245	37.6	41.3
3_3_10	0.25	0	6417	50.7	54.0
3_3_10	0.25	0	666	58.4	55.3
3_3_10	0.25	0	759	74.7	118.6
3_3_10	0.25	0	767	54.7	92.7
3_3_10	0.25	1	1292	20.5	20.3
3_3_10	0.25	1	1382	41.1	43.9
3_3_10	0.25	1	249	37.1	41.2
3_3_10	0.25	1	4043	65.2	78.3
3_3_10	0.25	1	4167	43.2	46.1
3_3_10	0.25	1	4193	50.4	45.8
3_3_10	0.25	1	4293	39.6	31.8
3_3_10	0.25	1	6245	47.4	56.6
3_3_10	0.25	1	6417	49.2	53.4
3_3_10	0.25	1	666	47.3	55.4
3_3_10	0.25	1	759	103.5	98.0
3_3_10	0.25	1	767	88.0	100.4
3_3_10	0.33	0	1292	17.8	13.8
3_3_10	0.33	0	1382	39.9	26.6
3_3_10	0.33	0	249	45.3	46.9
3_3_10	0.33	0	4043	76.1	34.4
3_3_10	0.33	0	4167	54.1	50.1
3_3_10	0.33	0	4193	49.1	37.0
3_3_10	0.33	0	4293	41.8	29.7
3_3_10	0.33	0	6245	45.5	53.8
3_3_10	0.33	0	6417	61.2	46.8
3_3_10	0.33	0	666	56.5	55.5
3_3_10	0.33	0	759	8.5	5.0
3_3_10	0.33	1	1292	21.9	21.4
3_3_10	0.33	1	1382	44.3	47.1
3_3_10	0.33	1	249	44.3	49.0
3_3_10	0.33	1	4043	68.6	78.7
3_3_10	0.33	1	4167	48.8	50.0
3_3_10	0.33	1	4193	52.2	48.9
3_3_10	0.33	1	4293	41.6	33.8
3_3_10	0.33	1	6245	55.3	60.6
3_3_10	0.33	1	6417	53.3	56.8
3_3_10	0.33	1	666	55.6	58.9
3_3_10	0.33	1	759	109.2	107.4
3_3_10	0.33	1	767	92.7	103.8
3_3_10	0.42	0	1292	22.6	14.2
3_3_10	0.42	0	1382	124.7	0
3_3_10	0.42	0	249	82.3	73.2
3_3_10	0.42	0	4043	55.4	74.8
3_3_10	0.42	0	4167	68.8	76.2
3_3_10	0.42	0	4193	32.6	22.3
3_3_10	0.42	0	4293	70.7	50.6
3_3_10	0.42	0	6245	94.4	82.7
3_3_10	0.42	0	6417	99.3	122.4
3_3_10	0.42	0	666	54.8	50.2
3_3_10	0.42	1	1292	22.8	21.4
3_3_10	0.42	1	1382	48.0	51.8
3_3_10	0.42	1	249	46.9	49.2
3_3_10	0.42	1	4043	77.3	83.2
3_3_10	0.42	1	4167	54.7	55.5
3_3_10	0.42	1	4193	55.1	48.9
3_3_10	0.42	1	4293	44.7	35.6
3_3_10	0.42	1	6245	62.8	65.8
3_3_10	0.42	1	6417	57.3	58.1
3_3_10	0.42	1	666	62.2	63.5
3_3_10	0.42	1	759	110.4	106.7
3_3_10	0.42	1	767	93.3	91.2
3_3_10	0.5	0	1382	296.9	0
3_3_10	0.5	0	249	65.7	78.5
3_3_10	0.5	0	4043	34.0	0
3_3_10	0.5	0	4167	76.0	61.6
3_3_10	0.5	0	4193	34.4	41.6
3_3_10	0.5	0	4293	48.2	33.1
3_3_10	0.5	0	6245	146.1	142.1
3_3_10	0.5	0	6417	79.8	99.0
3_3_10	0.5	0	666	47.6	37.8
3_3_10	0.5	1	1292	23.7	22.9
3_3_10	0.5	1	1382	49.4	52.9
3_3_10	0.5	1	249	53.7	54.1
3_3_10	0.5	1	4043	84.2	88.2
3_3_10	0.5	1	4167	62.4	56.6
3_3_10	0.5	1	4193	58.6	54.6
3_3_10	0.5	1	4293	46.4	37.1
3_3_10	0.5	1	6245	70.3	68.5
3_3_10	0.5	1	6417	63.1	62.2
3_3_10	0.5	1	666	70.6	67.6
3_3_10	0.5	1	759	112.5	118.2
3_3_10	0.5	1	767	95.6	141.1
3_3_10	0.58	0	1292	131.9	0
3_3_10	0.58	0	1382	400.9	0
3_3_10	0.58	0	249	72.2	66.2
3_3_10	0.58	0	4043	78.0	87.7
3_3_10	0.58	0	4193	16.5	0
3_3_10	0.58	0	4293	44.3	56.3
3_3_10	0.58	0	6245	87.9	21.9
3_3_10	0.58	0	6417	30.9	0
3_3_10	0.58	0	666	78.1	18.6
3_3_10	0.58	1	1292	26.5	24.4
3_3_10	0.58	1	1382	55.1	54.2
3_3_10	0.58	1	249	59.2	58.5
3_3_10	0.58	1	4043	93.4	94.0
3_3_10	0.58	1	4167	69.5	60.4
3_3_10	0.58	1	4193	63.7	67.5
3_3_10	0.58	1	4293	49.5	39.5
3_3_10	0.58	1	6245	78.2	72.7
3_3_10	0.58	1	6417	70.7	67.2
3_3_10	0.58	1	666	79.8	74.2
3_3_10	0.58	1	759	115.4	126.7
3_3_10	0.58	1	767	97.9	131.0
3_3_10	0.67	0	1292	245.5	342.9
3_3_10	0.67	0	249	66.8	0
3_3_10	0.67	0	4043	296.3	350.9
3_3_10	0.67	0	4167	133.8	129.3
3_3_10	0.67	0	4193	381.3	0
3_3_10	0.67	0	4293	103.6	108.5
3_3_10	0.67	0	6245	148.2	65.9
3_3_10	0.67	0	6417	140.2	145.3
3_3_10	0.67	0	666	108.7	115.1
3_3_10	0.67	1	1292	27.0	24.3
3_3_10	0.67	1	1382	63.8	60.7
3_3_10	0.67	1	249	64.9	60.7
3_3_10	0.67	1	4043	103.3	97.2
3_3_10	0.67	1	4167	80.7	66.9
3_3_10	0.67	1	4193	64.9	58.7
3_3_10	0.67	1	4293	52.5	41.0
3_3_10	0.67	1	6245	85.4	79.0
3_3_10	0.67	1	6417	78.6	68.0
3_3_10	0.67	1	666	90.0	78.0
3_3_10	0.67	1	759	121.3	123.2
3_3_10	0.67	1	767	100.4	102.3
3_3_10	0.75	1	1292	31.4	28.9
3_3_10	0.75	1	1382	73.4	74.1
3_3_10	0.75	1	249	74.2	66.3
3_3_10	0.75	1	4043	120.1	103.5
3_3_10	0.75	1	4167	93.5	72.5
3_3_10	0.75	1	4193	69.8	67.2
3_3_10	0.75	1	4293	59.6	44.8
3_3_10	0.75	1	6245	98.2	81.5
3_3_10	0.75	1	6417	89.6	73.0
3_3_10	0.75	1	666	103.6	86.5
3_3_10	0.75	1	759	126.0	111.7
3_3_10	0.75	1	767	108.2	107.0
3_3_10	0.83	1	1292	34.2	33.7
3_3_10	0.83	1	1382	85.2	74.9
3_3_10	0.83	1	249	86.2	81.3
3_3_10	0.83	1	4043	133.6	109.7
3_3_10	0.83	1	4167	104.4	86.8
3_3_10	0.83	1	4193	76.4	71.0
3_3_10	0.83	1	4293	66.4	53.0
3_3_10	0.83	1	6245	107.8	89.4
3_3_10	0.83	1	6417	101.5	87.1
3_3_10	0.83	1	666	112.9	94.1
3_3_10	0.83	1	759	135.3	136.6
3_3_10	0.83	1	767	113.8	135.5
3_3_10	0.92	1	1292	35.9	32.1
3_3_10	0.92	1	1382	90.8	78.5
3_3_10	0.92	1	249	87.8	73.5
3_3_10	0.92	1	4043	145.8	127.7
3_3_10	0.92	1	4167	113.8	81.7
3_3_10	0.92	1	4193	89.2	139.0
3_3_10	0.92	1	4293	67.6	48.8
3_3_10	0.92	1	6245	113.5	97.7
3_3_10	0.92	1	6417	106.5	81.2
3_3_10	0.92	1	666	120.2	100.6
3_3_10	0.92	1	759	159.7	153.2
3_3_10	0.92	1	767	139.1	147.5
3_3_10	1.0	1	1292	51.5	158.9
3_3_10	1.0	1	1382	112.3	78.5
3_3_10	1.0	1	249	102.0	85.7
3_3_10	1.0	1	4043	160.9	140.2
3_3_10	1.0	1	4167	130.0	115.8
3_3_10	1.0	1	4193	111.2	246.7
3_3_10	1.0	1	4293	83.8	92.7
3_3_10	1.0	1	6245	129.4	122.0
3_3_10	1.0	1	6417	121.9	88.1
3_3_10	1.0	1	666	146.3	131.4
3_3_10	1.0	1	759	181.3	141.9
3_3_10	1.0	1	767	170.1	152.0
3_6_6	0.08	0	1292	17.6	17.0
3_6_6	0.08	0	1382	35.4	37.6
3_6_6	0.08	0	249	24.4	32.0
3_6_6	0.08	0	4043	35.3	51.8
3_6_6	0.08	0	4167	37.4	38.4
3_6_6	0.08	0	4193	41.3	38.5
3_6_6	0.08	0	4293	34.3	27.4
3_6_6	0.08	0	6245	38.8	50.1
3_6_6	0.08	0	6417	39.0	46.2
3_6_6	0.08	0	666	33.3	41.7
3_6_6	0.08	0	759	82.2	88.3
3_6_6	0.08	0	767	72.6	75.4
3_6_6	0.08	1	1292	36.6	22.4
3_6_6	0.08	1	1382	70.9	50.7
3_6_6	0.08	1	249	32.1	31.2
3_6_6	0.08	1	4043	79.6	81.2
3_6_6	0.08	1	4167	77.8	65.9
3_6_6	0.08	1	4193	72.8	44.8
3_6_6	0.08	1	4293	65.4	42.9
3_6_6	0.08	1	6245	44.7	49.3
3_6_6	0.08	1	6417	50.9	55.5
3_6_6	0.08	1	666	42.8	50.5
3_6_6	0.08	1	759	133.0	103.4
3_6_6	0.08	1	767	111.3	80.7
3_6_6	0.17	0	1292	19.4	18.3
3_6_6	0.17	0	1382	39.0	52.2
3_6_6	0.17	0	249	35.3	39.1
3_6_6	0.17	0	4043	59.2	70.2
3_6_6	0.17	0	4167	47.2	46.2
3_6_6	0.17	0	4193	45.3	45.8
3_6_6	0.17	0	4293	36.6	29.5
3_6_6	0.17	0	6245	46.5	60.8
3_6_6	0.17	0	6417	50.6	51.6
3_6_6	0.17	0	666	45.4	49.1
3_6_6	0.17	0	759	111.4	98.8
3_6_6	0.17	0	767	99.4	95.4
3_6_6	0.17	1	1292	20.5	21.5
3_6_6	0.17	1	1382	41.2	42.8
3_6_6	0.17	1	249	31.9	36.5
3_6_6	0.17	1	4043	60.4	71.2
3_6_6	0.17	1	4167	40.9	43.6
3_6_6	0.17	1	4193	48.4	44.7
3_6_6	0.17	1	4293	37.7	30.7
3_6_6	0.17	1	6245	44.6	55.2
3_6_6	0.17	1	6417	45.0	50.0
3_6_6	0.17	1	666	41.1	48.2
3_6_6	0.17	1	759	110.5	92.8
3_6_6	0.17	1	767	97.5	81.5
3_6_6	0.25	0	1292	16.8	16.9
3_6_6	0.25	0	1382	35.1	35.4
3_6_6	0.25	0	249	42.5	43.1
3_6_6	0.25	0	4043	45.8	51.9
3_6_6	0.25	0	4167	49.4	50.4
3_6_6	0.25	0	4193	56.8	54.6
3_6_6	0.25	0	4293	50.1	39.1
3_6_6	0.25	0	6245	33.9	35.3
3_6_6	0.25	0	6417	48.9	54.4
3_6_6	0.25	0	666	56.4	54.9
3_6_6	0.25	0	759	57.5	112.2
3_6_6	0.25	0	767	151.6	210.2
3_6_6	0.25	1	1292	21.4	21.9
3_6_6	0.25	1	1382	43.9	46.2
3_6_6	0.25	1	249	38.5	42.8
3_6_6	0.25	1	4043	67.3	77.3
3_6_6	0.25	1	4167	44.5	47.2
3_6_6	0.25	1	4193	50.7	48.6
3_6_6	0.25	1	4293	39.6	30.7
3_6_6	0.25	1	6245	50.5	58.7
3_6_6	0.25	1	6417	50.7	53.6
3_6_6	0.25	1	666	49.0	54.6
3_6_6	0.25	1	759	106.0	100.5
3_6_6	0.25	1	767	92.2	85.7
3_6_6	0.33	0	1292	19.2	14.1
3_6_6	0.33	0	1382	63.3	51.1
3_6_6	0.33	0	249	50.6	46.6
3_6_6	0.33	0	4043	139.4	169.2
3_6_6	0.33	0	4167	61.4	48.4
3_6_6	0.33	0	4193	76.2	106.6
3_6_6	0.33	0	4293	50.0	48.0
3_6_6	0.33	0	6245	52.7	72.0
3_6_6	0.33	0	6417	57.6	45.9
3_6_6	0.33	0	666	46.9	49.1
3_6_6	0.33	0	759	8.5	5.0
3_6_6	0.33	1	1292	22.3	21.2
3_6_6	0.33	1	1382	46.0	49.0
3_6_6	0.33	1	249	45.5	51.6
3_6_6	0.33	1	4043	71.5	80.4
3_6_6	0.33	1	4167	50.3	51.1
3_6_6	0.33	1	4193	53.0	47.4
3_6_6	0.33	1	4293	43.0	35.4
3_6_6	0.33	1	6245	57.1	62.0
3_6_6	0.33	1	6417	54.7	57.3
3_6_6	0.33	1	666	56.5	59.2
3_6_6	0.33	1	759	106.4	106.6
3_6_6	0.33	1	767	85.0	85.1
3_6_6	0.42	0	1292	37.9	32.2
3_6_6	0.42	0	1382	122.9	2.5
3_6_6	0.42	0	249	96.7	67.2
3_6_6	0.42	0	4043	109.2	119.1
3_6_6	0.42	0	4167	78.7	91.6
3_6_6	0.42	0	4193	133.9	188.9
3_6_6	0.42	0	4293	58.4	37.3
3_6_6	0.42	0	6245	96.9	70.2
3_6_6	0.42	0	6417	76.3	61.1
3_6_6	0.42	0	666	68.7	62.0
3_6_6	0.42	1	1292	22.8	22.0
3_6_6	0.42	1	1382	46.7	48.7
3_6_6	0.42	1	249	48.1	49.9
3_6_6	0.42	1	4043	80.6	84.5
3_6_6	0.42	1	4167	55.5	55.6
3_6_6	0.42	1	4193	54.8	48.3
3_6_6	0.42	1	4293	46.3	36.5
3_6_6	0.42	1	6245	62.7	66.1
3_6_6	0.42	1	6417	58.0	57.4
3_6_6	0.42	1	666	63.4	62.5
3_6_6	0.42	1	759	101.3	101.7
3_6_6	0.42	1	767	84.7	84.8
3_6_6	0.5	0	1292	58.9	44.9
3_6_6	0.5	0	1382	235.8	86.4
3_6_6	0.5	0	249	65.0	78.8
3_6_6	0.5	0	4043	80.2	65.4
3_6_6	0.5	0	4167	66.7	57.3
3_6_6	0.5	0	4193	28.1	31.4
3_6_6	0.5	0	4293	41.8	31.2
3_6_6	0.5	0	6245	109.3	105.1
3_6_6	0.5	0	6417	46.0	44.8
3_6_6	0.5	0	666	58.9	43.4
3_6_6	0.5	1	1292	23.8	23.0
3_6_6	0.5	1	1382	49.5	50.0
3_6_6	0.5	1	249	52.0	51.1
3_6_6	0.5	1	4043	85.7	87.1
3_6_6	0.5	1	4167	61.9	55.9
3_6_6	0.5	1	4193	56.6	48.2
3_6_6	0.5	1	4293	49.5	38.1
3_6_6	0.5	1	6245	72.6	68.9
3_6_6	0.5	1	6417	62.2	60.4
3_6_6	0.5	1	666	72.6	68.1
3_6_6	0.5	1	759	102.5	103.1
3_6_6	0.5	1	767	87.3	85.7
3_6_6	0.58	0	1292	42.8	0
3_6_6	0.58	0	1382	12.3	0.7
3_6_6	0.58	0	249	90.1	50.5
3_6_6	0.58	0	4043	52.0	42.4
3_6_6	0.58	0	4167	127.2	136.0
3_6_6	0.58	0	4193	8.4	0
3_6_6	0.58	0	4293	34.8	18.0
3_6_6	0.58	0	6245	50.4	5.6
3_6_6	0.58	0	6417	36.8	0
3_6_6	0.58	0	666	112.7	77.1
3_6_6	0.58	1	1292	26.4	23.6
3_6_6	0.58	1	1382	53.2	51.3
3_6_6	0.58	1	249	60.9	58.4
3_6_6	0.58	1	4043	94.4	93.0
3_6_6	0.58	1	4167	71.4	64.0
3_6_6	0.58	1	4193	58.4	55.7
3_6_6	0.58	1	4293	52.1	41.7
3_6_6	0.58	1	6245	78.4	71.3
3_6_6	0.58	1	6417	72.8	67.6
3_6_6	0.58	1	666	82.1	75.9
3_6_6	0.58	1	759	112.8	107.3
3_6_6	0.58	1	767	86.0	90.4
3_6_6	0.67	1	1292	28.2	26.3
3_6_6	0.67	1	1382	63.1	57.6
3_6_6	0.67	1	249	65.2	58.5
3_6_6	0.67	1	4043	108.1	96.5
3_6_6	0.67	1	4167	81.1	65.2
3_6_6	0.67	1	4193	66.3	57.8
3_6_6	0.67	1	4293	56.7	42.0
3_6_6	0.67	1	6245	88.0	73.1
3_6_6	0.67	1	6417	79.6	66.2
3_6_6	0.67	1	666	91.8	77.7
3_6_6	0.67	1	759	114.9	123.0
3_6_6	0.67	1	767	91.4	90.6
3_6_6	0.75	0	1292	25.1	0
3_6_6	0.75	0	1382	274.6	231.5
3_6_6	0.75	0	249	196.0	204.2
3_6_6	0.75	0	4043	312.3	295.3
3_6_6	0.75	0	4167	237.5	123.1
3_6_6	0.75	0	4193	94.6	38.4
3_6_6	0.75	0	4293	236.2	254.0
3_6_6	0.75	0	6245	408.0	396.4
3_6_6	0.75	0	6417	77.2	21.9
3_6_6	0.75	0	666	190.6	172.2
3_6_6	0.75	0	759	3.0	0
3_6_6	0.75	0	767	20.0	0
3_6_6	0.75	1	1292	30.4	25.0
3_6_6	0.75	1	1382	74.9	62.6
3_6_6	0.75	1	249	72.6	63.1
3_6_6	0.75	1	4043	122.2	100.4
3_6_6	0.75	1	4167	96.7	72.2
3_6_6	0.75	1	4193	69.7	61.4
3_6_6	0.75	1	4293	63.7	44.2
3_6_6	0.75	1	6245	99.7	82.4
3_6_6	0.75	1	6417	92.6	75.0
3_6_6	0.75	1	666	106.7	88.7
3_6_6	0.75	1	759	116.6	110.6
3_6_6	0.75	1	767	100.6	95.8
3_6_6	0.83	0	1292	243.1	188.2
3_6_6	0.83	0	1382	315.3	147.9
3_6_6	0.83	0	249	84.9	57.4
3_6_6	0.83	0	4043	235.7	264.7
3_6_6	0.83	0	4167	284.5	332.7
3_6_6	0.83	0	4193	620.4	172.6
3_6_6	0.83	0	4293	197.8	18.6
3_6_6	0.83	0	6245	86.1	73.2
3_6_6	0.83	0	6417	171.0	178.2
3_6_6	0.83	0	666	166.9	168.4
3_6_6	0.83	1	1292	33.7	28.4
3_6_6	0.83	1	1382	85.0	60.1
3_6_6	0.83	1	249	85.7	70.9
3_6_6	0.83	1	4043	136.7	104.0
3_6_6	0.83	1	4167	105.0	69.4
3_6_6	0.83	1	4193	75.8	55.6
3_6_6	0.83	1	4293	71.1	47.7
3_6_6	0.83	1	6245	109.5	85.0
3_6_6	0.83	1	6417	105.5	80.1
3_6_6	0.83	1	666	117.8	95.6
3_6_6	0.83	1	759	129.8	104.3
3_6_6	0.83	1	767	107.4	88.3
3_6_6	0.92	1	1292	34.5	27.0
3_6_6	0.92	1	1382	89.0	64.1
3_6_6	0.92	1	249	87.5	73.1
3_6_6	0.92	1	4043	140.8	112.7
3_6_6	0.92	1	4167	112.8	71.7
3_6_6	0.92	1	4193	77.7	60.1
3_6_6	0.92	1	4293	73.3	47.5
3_6_6	0.92	1	6245	111.7	86.3
3_6_6	0.92	1	6417	104.9	75.2
3_6_6	0.92	1	666	115.1	95.7
3_6_6	0.92	1	759	145.8	104.7
3_6_6	0.92	1	767	125.9	104.3
3_6_6	1.0	1	1292	36.5	26.6
3_6_6	1.0	1	1382	103.3	60.2
3_6_6	1.0	1	249	92.1	74.0
3_6_6	1.0	1	4043	146.1	102.5
3_6_6	1.0	1	4167	120.0	65.4
3_6_6	1.0	1	4193	81.2	50.3
3_6_6	1.0	1	4293	78.7	54.5
3_6_6	1.0	1	6245	110.3	82.4
3_6_6	1.0	1	6417	122.6	84.8
3_6_6	1.0	1	666	137.4	96.2
3_6_6	1.0	1	759	165.1	95.9
3_6_6	1.0	1	767	141.9	85.3
3_1_12	0.08	0	1292	17.4	16.8
3_1_12	0.08	0	1382	34.4	36.0
3_1_12	0.08	0	249	23.0	30.0
3_1_12	0.08	0	4043	33.3	49.3
3_1_12	0.08	0	4167	37.3	38.4
3_1_12	0.08	0	4193	40.3	37.3
3_1_12	0.08	0	4293	34.6	26.3
3_1_12	0.08	0	6245	37.1	47.6
3_1_12	0.08	0	6417	38.0	44.8
3_1_12	0.08	0	666	32.6	40.9
3_1_12	0.08	0	759	85.4	86.6
3_1_12	0.08	0	767	73.3	74.0
3_1_12	0.08	1	1292	35.4	21.5
3_1_12	0.08	1	1382	73.8	54.2
3_1_12	0.08	1	249	29.7	25.3
3_1_12	0.08	1	4043	76.3	80.5
3_1_12	0.08	1	4167	77.1	58.9
3_1_12	0.08	1	4193	70.4	45.0
3_1_12	0.08	1	4293	71.5	45.3
3_1_12	0.08	1	6245	41.5	47.5
3_1_12	0.08	1	6417	47.8	52.5
3_1_12	0.08	1	666	42.4	51.8
3_1_12	0.08	1	759	133.2	101.9
3_1_12	0.08	1	767	108.7	85.9
3_1_12	0.17	0	1292	18.5	18.3
3_1_12	0.17	0	1382	33.8	34.5
3_1_12	0.17	0	249	33.7	38.1
3_1_12	0.17	0	4043	57.3	68.0
3_1_12	0.17	0	4167	45.9	45.3
3_1_12	0.17	0	4193	41.0	38.6
3_1_12	0.17	0	4293	37.4	29.5
3_1_12	0.17	0	6245	43.3	55.7
3_1_12	0.17	0	6417	51.9	48.9
3_1_12	0.17	0	666	43.7	47.7
3_1_12	0.17	0	759	110.6	97.9
3_1_12	0.17	0	767	98.5	100.2
3_1_12	0.17	1	1292	20.0	19.2
3_1_12	0.17	1	1382	40.5	45.3
3_1_12	0.17	1	249	30.5	36.1
3_1_12	0.17	1	4043	54.9	65.7
3_1_12	0.17	1	4167	39.5	41.8
3_1_12	0.17	1	4193	47.1	43.4
3_1_12	0.17	1	4293	37.7	30.1
3_1_12	0.17	1	6245	42.4	54.3
3_1_12	0.17	1	6417	43.9	48.5
3_1_12	0.17	1	666	39.0	47.3
3_1_12	0.17	1	759	109.5	92.2
3_1_12	0.17	1	767	94.7	80.5
3_1_12	0.25	0	1292	16.4	15.5
3_1_12	0.25	0	1382	38.0	34.8
3_1_12	0.25	0	249	40.4	47.0
3_1_12	0.25	0	4043	54.0	59.1
3_1_12	0.25	0	4167	43.4	44.8
3_1_12	0.25	0	4193	53.0	48.7
3_1_12	0.25	0	4293	48.7	36.0
3_1_12	0.25	0	6245	40.7	46.2
3_1_12	0.25	0	6417	50.6	56.1
3_1_12	0.25	0	666	61.0	60.5
3_1_12	0.25	0	759	67.9	110.9
3_1_12	0.25	0	767	70.5	96.9
3_1_12	0.25	1	1292	20.9	20.9
3_1_12	0.25	1	1382	41.1	43.7
3_1_12	0.25	1	249	36.9	41.3
3_1_12	0.25	1	4043	63.7	77.0
3_1_12	0.25	1	4167	43.0	45.9
3_1_12	0.25	1	4193	48.5	46.9
3_1_12	0.25	1	4293	38.6	31.2
3_1_12	0.25	1	6245	47.9	57.3
3_1_12	0.25	1	6417	48.3	52.3
3_1_12	0.25	1	666	46.8	52.8
3_1_12	0.25	1	759	103.9	96.1
3_1_12	0.25	1	767	89.9	86.7
3_1_12	0.33	0	1292	23.5	16.5
3_1_12	0.33	0	1382	43.9	25.1
3_1_12	0.33	0	249	64.5	65.2
3_1_12	0.33	0	4043	120.1	150.1
3_1_12	0.33	0	4167	65.9	83.5
3_1_12	0.33	0	4193	71.7	109.6
3_1_12	0.33	0	4293	45.8	39.5
3_1_12	0.33	0	6245	48.1	53.3
3_1_12	0.33	0	6417	69.8	55.1
3_1_12	0.33	0	666	64.7	67.3
3_1_12	0.33	0	759	8.5	5.0
3_1_12	0.33	0	767	25.0	0
3_1_12	0.33	1	1292	22.7	23.5
3_1_12	0.33	1	1382	45.5	49.9
3_1_12	0.33	1	249	43.8	48.4
3_1_12	0.33	1	4043	68.4	75.5
3_1_12	0.33	1	4167	49.6	49.3
3_1_12	0.33	1	4193	52.3	47.1
3_1_12	0.33	1	4293	41.2	31.4
3_1_12	0.33	1	6245	56.1	62.0
3_1_12	0.33	1	6417	54.6	59.2
3_1_12	0.33	1	666	55.5	60.8
3_1_12	0.33	1	759	112.9	120.4
3_1_12	0.33	1	767	93.3	98.0
3_1_12	0.42	0	1292	38.2	46.2
3_1_12	0.42	0	1382	12.0	0
3_1_12	0.42	0	249	88.9	53.1
3_1_12	0.42	0	4043	89.2	115.2
3_1_12	0.42	0	4167	68.0	75.4
3_1_12	0.42	0	4193	55.6	43.2
3_1_12	0.42	0	4293	66.4	34.9
3_1_12	0.42	0	6245	112.2	111.8
3_1_12	0.42	0	6417	73.3	49.7
3_1_12	0.42	0	666	79.6	69.7
3_1_12	0.42	1	1292	23.8	23.4
3_1_12	0.42	1	1382	49.8	54.8
3_1_12	0.42	1	249	49.0	52.1
3_1_12	0.42	1	4043	77.4	83.1
3_1_12	0.42	1	4167	55.2	57.8
3_1_12	0.42	1	4193	56.5	52.7
3_1_12	0.42	1	4293	43.0	34.4
3_1_12	0.42	1	6245	62.4	63.6
3_1_12	0.42	1	6417	58.1	60.6
3_1_12	0.42	1	666	65.0	70.0
3_1_12	0.42	1	759	110.6	113.7
3_1_12	0.42	1	767	94.6	108.2
3_1_12	0.5	0	249	63.4	96.9
3_1_12	0.5	0	4043	34.0	0
3_1_12	0.5	0	4167	67.4	72.6
3_1_12	0.5	0	4193	34.4	41.6
3_1_12	0.5	0	4293	50.8	39.5
3_1_12	0.5	0	6245	112.3	137.8
3_1_12	0.5	0	6417	28.2	22.4
3_1_12	0.5	0	666	32.7	30.2
3_1_12	0.5	1	1292	24.6	25.2
3_1_12	0.5	1	1382	50.1	52.2
3_1_12	0.5	1	249	54.7	55.4
3_1_12	0.5	1	4043	85.5	90.9
3_1_12	0.5	1	4167	65.4	62.9
3_1_12	0.5	1	4193	59.7	54.6
3_1_12	0.5	1	4293	45.0	37.1
3_1_12	0.5	1	6245	70.2	69.3
3_1_12	0.5	1	6417	64.4	65.5
3_1_12	0.5	1	666	72.1	71.1
3_1_12	0.5	1	759	114.0	113.9
3_1_12	0.5	1	767	95.9	95.9
3_1_12	0.58	1	1292	27.1	26.3
3_1_12	0.58	1	1382	57.0	59.0
3_1_12	0.58	1	249	61.9	64.3
3_1_12	0.58	1	4043	94.6	98.2
3_1_12	0.58	1	4167	73.0	64.0
3_1_12	0.58	1	4193	63.7	60.7
3_1_12	0.58	1	4293	46.6	37.5
3_1_12	0.58	1	6245	79.3	75.5
3_1_12	0.58	1	6417	73.1	70.7
3_1_12	0.58	1	666	81.9	78.7
3_1_12	0.58	1	759	127.2	166.2
3_1_12	0.58	1	767	107.5	133.9
3_1_12	0.67	0	1292	111.5	0
3_1_12	0.67	0	249	18.0	0
3_1_12	0.67	0	4043	32.8	0
3_1_12	0.67	0	4167	129.9	0
3_1_12	0.67	0	4193	858.5	0
3_1_12	0.67	0	4293	87.9	0
3_1_12	0.67	0	6417	29.0	0
3_1_12	0.67	0	666	15.9	0
3_1_12	0.67	1	1292	28.6	30.8
3_1_12	0.67	1	1382	63.8	60.1
3_1_12	0.67	1	249	66.7	62.8
3_1_12	0.67	1	4043	105.3	103.5
3_1_12	0.67	1	4167	81.4	70.7
3_1_12	0.67	1	4193	67.6	68.3
3_1_12	0.67	1	4293	49.1	38.4
3_1_12	0.67	1	6245	86.4	77.1
3_1_12	0.67	1	6417	78.1	72.7
3_1_12	0.67	1	666	90.7	82.4
3_1_12	0.67	1	759	125.6	126.5
3_1_12	0.67	1	767	108.8	118.0
3_1_12	0.75	0	1292	96.6	84.6
3_1_12	0.75	0	1382	48.1	0
3_1_12	0.75	0	249	372.5	462.4
3_1_12	0.75	0	4043	648.2	771.5
3_1_12	0.75	0	4167	245.3	113.0
3_1_12	0.75	0	4193	1419.1	1586.6
3_1_12	0.75	0	4293	278.2	30.8
3_1_12	0.75	0	6245	145.6	0
3_1_12	0.75	0	6417	109.7	148.1
3_1_12	0.75	0	666	255.3	19.7
3_1_12	0.75	1	1292	32.4	36.3
3_1_12	0.75	1	1382	76.7	80.0
3_1_12	0.75	1	249	78.2	76.7
3_1_12	0.75	1	4043	125.4	118.5
3_1_12	0.75	1	4167	94.7	98.1
3_1_12	0.75	1	4193	75.4	85.5
3_1_12	0.75	1	4293	55.5	45.4
3_1_12	0.75	1	6245	104.2	102.8
3_1_12	0.75	1	6417	92.1	100.7
3_1_12	0.75	1	666	108.2	142.7
3_1_12	0.75	1	759	136.2	129.4
3_1_12	0.75	1	767	120.4	156.1
3_1_12	0.83	1	1292	36.4	35.9
3_1_12	0.83	1	1382	84.7	81.1
3_1_12	0.83	1	249	89.6	102.8
3_1_12	0.83	1	4043	142.7	155.5
3_1_12	0.83	1	4167	101.9	78.1
3_1_12	0.83	1	4193	88.3	115.4
3_1_12	0.83	1	4293	59.9	50.9
3_1_12	0.83	1	6245	110.4	102.9
3_1_12	0.83	1	6417	98.0	79.4
3_1_12	0.83	1	666	115.5	104.0
3_1_12	0.83	1	759	153.1	158.0
3_1_12	0.83	1	767	133.7	162.7
3_1_12	0.92	1	1292	45.1	59.7
3_1_12	0.92	1	1382	88.9	74.5
3_1_12	0.92	1	249	104.2	97.3
3_1_12	0.92	1	4043	154.6	145.5
3_1_12	0.92	1	4167	116.9	96.1
3_1_12	0.92	1	4193	95.2	142.2
3_1_12	0.92	1	4293	63.3	52.3
3_1_12	0.92	1	6245	116.2	102.7
3_1_12	0.92	1	6417	105.8	88.9
3_1_12	0.92	1	666	122.9	100.7
3_1_12	0.92	1	759	156.6	168.2
3_1_12	0.92	1	767	140.6	176.8
3_1_12	1.0	1	1292	49.0	82.2
3_1_12	1.0	1	1382	108.6	77.7
3_1_12	1.0	1	249	103.3	82.2
3_1_12	1.0	1	4043	203.6	320.0
3_1_12	1.0	1	4167	128.6	89.0
3_1_12	1.0	1	4193	109.6	176.3
3_1_12	1.0	1	4293	74.6	64.4
3_1_12	1.0	1	6245	131.5	110.0
3_1_12	1.0	1	6417	124.0	87.3
3_1_12	1.0	1	666	143.6	119.9
3_1_12	1.0	1	759	178.5	133.7
3_1_12	1.0	1	767	167.5	173.8
3_1_10	0.08	0	1292	17.5	16.9
3_1_10	0.08	0	1382	34.5	36.2
3_1_10	0.08	0	249	23.1	30.1
3_1_10	0.08	0	4043	33.5	49.6
3_1_10	0.08	0	4167	37.4	38.3
3_1_10	0.08	0	4193	40.6	37.6
3_1_10	0.08	0	4293	34.7	26.6
3_1_10	0.08	0	6245	36.9	47.4
3_1_10	0.08	0	6417	38.2	45.1
3_1_10	0.08	0	666	32.5	40.7
3_1_10	0.08	0	759	85.7	86.7
3_1_10	0.08	0	767	73.0	74.1
3_1_10	0.08	1	1292	36.2	22.3
3_1_10	0.08	1	1382	73.7	54.5
3_1_10	0.08	1	249	30.0	25.8
3_1_10	0.08	1	4043	77.6	81.4
3_1_10	0.08	1	4167	81.0	70.2
3_1_10	0.08	1	4193	73.1	48.1
3_1_10	0.08	1	4293	72.7	45.3
3_1_10	0.08	1	6245	42.2	48.7
3_1_10	0.08	1	6417	50.0	55.3
3_1_10	0.08	1	666	42.3	51.6
3_1_10	0.08	1	759	133.6	100.5
3_1_10	0.08	1	767	109.3	85.5
3_1_10	0.17	0	1292	18.3	17.7
3_1_10	0.17	0	1382	32.4	33.2
3_1_10	0.17	0	249	33.9	37.1
3_1_10	0.17	0	4043	58.1	71.3
3_1_10	0.17	0	4167	46.2	46.5
3_1_10	0.17	0	4193	43.8	46.5
3_1_10	0.17	0	4293	38.3	33.2
3_1_10	0.17	0	6245	43.5	55.5
3_1_10	0.17	0	6417	51.7	49.7
3_1_10	0.17	0	666	43.9	47.4
3_1_10	0.17	0	759	111.0	100.7
3_1_10	0.17	0	767	98.3	99.7
3_1_10	0.17	1	1292	19.7	19.1
3_1_10	0.17	1	1382	39.4	41.3
3_1_10	0.17	1	249	30.5	36.2
3_1_10	0.17	1	4043	54.3	65.4
3_1_10	0.17	1	4167	39.3	42.4
3_1_10	0.17	1	4193	46.2	42.7
3_1_10	0.17	1	4293	37.2	29.5
3_1_10	0.17	1	6245	42.1	54.0
3_1_10	0.17	1	6417	44.0	48.6
3_1_10	0.17	1	666	38.9	47.5
3_1_10	0.17	1	759	109.8	91.9
3_1_10	0.17	1	767	95.6	81.0
3_1_10	0.25	0	1292	13.9	11.0
3_1_10	0.25	0	1382	33.7	35.3
3_1_10	0.25	0	249	40.3	47.1
3_1_10	0.25	0	4043	47.7	53.6
3_1_10	0.25	0	4167	44.3	44.8
3_1_10	0.25	0	4193	55.3	53.4
3_1_10	0.25	0	4293	48.6	35.1
3_1_10	0.25	0	6245	38.7	44.7
3_1_10	0.25	0	6417	50.3	56.5
3_1_10	0.25	0	666	60.4	61.4
3_1_10	0.25	0	759	61.2	106.5
3_1_10	0.25	0	767	79.6	102.8
3_1_10	0.25	1	1292	21.0	21.3
3_1_10	0.25	1	1382	41.5	45.2
3_1_10	0.25	1	249	37.5	42.5
3_1_10	0.25	1	4043	63.5	76.3
3_1_10	0.25	1	4167	43.4	45.3
3_1_10	0.25	1	4193	49.5	46.9
3_1_10	0.25	1	4293	38.9	31.3
3_1_10	0.25	1	6245	48.1	57.1
3_1_10	0.25	1	6417	48.4	51.9
3_1_10	0.25	1	666	47.4	54.4
3_1_10	0.25	1	759	101.9	101.0
3_1_10	0.25	1	767	87.7	87.8
3_1_10	0.33	0	1292	22.3	16.1
3_1_10	0.33	0	1382	43.3	25.0
3_1_10	0.33	0	249	56.1	50.9
3_1_10	0.33	0	4043	115.5	144.0
3_1_10	0.33	0	4167	55.2	47.6
3_1_10	0.33	0	4193	75.5	108.1
3_1_10	0.33	0	4293	40.6	34.6
3_1_10	0.33	0	6245	58.4	72.9
3_1_10	0.33	0	6417	67.9	54.1
3_1_10	0.33	0	666	59.7	57.1
3_1_10	0.33	0	759	8.5	5.0
3_1_10	0.33	1	1292	22.4	22.0
3_1_10	0.33	1	1382	45.3	50.1
3_1_10	0.33	1	249	44.0	48.9
3_1_10	0.33	1	4043	68.7	76.3
3_1_10	0.33	1	4167	49.7	51.2
3_1_10	0.33	1	4193	52.9	48.1
3_1_10	0.33	1	4293	41.2	31.5
3_1_10	0.33	1	6245	56.8	64.9
3_1_10	0.33	1	6417	54.4	58.1
3_1_10	0.33	1	666	56.5	61.9
3_1_10	0.33	1	759	108.4	109.5
3_1_10	0.33	1	767	94.0	98.7
3_1_10	0.42	0	1292	29.8	22.2
3_1_10	0.42	0	1382	67.4	78.4
3_1_10	0.42	0	249	88.9	53.1
3_1_10	0.42	0	4043	51.4	52.1
3_1_10	0.42	0	4167	72.1	73.9
3_1_10	0.42	0	4193	47.3	18.3
3_1_10	0.42	0	4293	63.2	34.6
3_1_10	0.42	0	6245	77.0	55.3
3_1_10	0.42	0	6417	73.3	49.7
3_1_10	0.42	0	666	80.4	68.9
3_1_10	0.42	0	759	363.0	0
3_1_10	0.42	0	767	642.5	0
3_1_10	0.42	1	1292	23.6	24.7
3_1_10	0.42	1	1382	48.7	51.2
3_1_10	0.42	1	249	49.3	52.9
3_1_10	0.42	1	4043	76.6	82.1
3_1_10	0.42	1	4167	56.2	56.9
3_1_10	0.42	1	4193	56.0	50.8
3_1_10	0.42	1	4293	42.5	32.9
3_1_10	0.42	1	6245	62.2	64.4
3_1_10	0.42	1	6417	57.8	58.9
3_1_10	0.42	1	666	63.7	67.6
3_1_10	0.42	1	759	111.7	117.6
3_1_10	0.42	1	767	92.0	94.1
3_1_10	0.5	0	1382	216.2	0
3_1_10	0.5	0	249	63.4	96.9
3_1_10	0.5	0	4043	34.0	0
3_1_10	0.5	0	4167	92.0	88.5
3_1_10	0.5	0	4193	34.4	41.6
3_1_10	0.5	0	4293	63.8	41.4
3_1_10	0.5	0	6245	106.9	124.0
3_1_10	0.5	0	6417	64.9	92.2
3_1_10	0.5	0	666	32.7	30.2
3_1_10	0.5	0	767	96.7	0
3_1_10	0.5	1	1292	24.7	25.6
3_1_10	0.5	1	1382	52.5	61.3
3_1_10	0.5	1	249	55.1	56.6
3_1_10	0.5	1	4043	85.9	90.2
3_1_10	0.5	1	4167	64.2	61.4
3_1_10	0.5	1	4193	58.6	56.4
3_1_10	0.5	1	4293	45.3	37.1
3_1_10	0.5	1	6245	71.1	71.1
3_1_10	0.5	1	6417	62.9	62.1
3_1_10	0.5	1	666	72.3	72.1
3_1_10	0.5	1	759	118.6	123.8
3_1_10	0.5	1	767	97.2	102.2
3_1_10	0.58	1	1292	27.1	26.2
3_1_10	0.58	1	1382	58.5	63.5
3_1_10	0.58	1	249	61.0	60.4
3_1_10	0.58	1	4043	93.8	93.8
3_1_10	0.58	1	4167	72.7	68.6
3_1_10	0.58	1	4193	63.8	60.7
3_1_10	0.58	1	4293	46.7	38.0
3_1_10	0.58	1	6245	79.3	75.9
3_1_10	0.58	1	6417	73.0	72.5
3_1_10	0.58	1	666	83.0	85.4
3_1_10	0.58	1	759	130.1	164.5
3_1_10	0.58	1	767	105.6	136.1
3_1_10	0.67	1	1292	29.4	32.2
3_1_10	0.67	1	1382	65.3	62.2
3_1_10	0.67	1	249	68.7	69.2
3_1_10	0.67	1	4043	108.7	106.3
3_1_10	0.67	1	4167	82.3	73.6
3_1_10	0.67	1	4193	70.2	78.4
3_1_10	0.67	1	4293	50.1	41.1
3_1_10	0.67	1	6245	86.0	77.5
3_1_10	0.67	1	6417	79.2	73.1
3_1_10	0.67	1	666	91.6	80.0
3_1_10	0.67	1	759	122.7	112.4
3_1_10	0.67	1	767	102.1	111.4
3_1_10	0.75	0	1292	82.1	105.0
3_1_10	0.75	0	1382	27.6	0
3_1_10	0.75	0	249	355.6	486.3
3_1_10	0.75	0	4043	615.4	816.5
3_1_10	0.75	0	4167	179.9	236.3
3_1_10	0.75	0	4193	1265.5	1751.6
3_1_10	0.75	0	4293	134.1	173.1
3_1_10	0.75	0	6245	82.1	95.5
3_1_10	0.75	0	6417	214.5	0
3_1_10	0.75	0	666	128.4	159.7
3_1_10	0.75	1	1292	31.8	34.7
3_1_10	0.75	1	1382	72.4	63.9
3_1_10	0.75	1	249	77.5	72.4
3_1_10	0.75	1	4043	123.4	113.3
3_1_10	0.75	1	4167	92.3	75.1
3_1_10	0.75	1	4193	74.5	84.8
3_1_10	0.75	1	4293	54.9	42.4
3_1_10	0.75	1	6245	98.1	82.2
3_1_10	0.75	1	6417	90.2	79.7
3_1_10	0.75	1	666	104.1	96.2
3_1_10	0.75	1	759	132.1	141.5
3_1_10	0.75	1	767	114.7	152.6
3_1_10	0.83	0	1292	121.6	0
3_1_10	0.83	0	1382	885.9	0
3_1_10	0.83	0	249	671.8	0
3_1_10	0.83	0	4043	605.5	0
3_1_10	0.83	0	4167	701.4	0
3_1_10	0.83	0	4193	339.9	0
3_1_10	0.83	0	4293	134.7	0
3_1_10	0.83	0	6245	762.5	0
3_1_10	0.83	0	6417	250.7	0
3_1_10	0.83	0	666	377.5	0
3_1_10	0.83	1	1292	36.6	41.2
3_1_10	0.83	1	1382	85.5	106.2
3_1_10	0.83	1	249	90.5	92.8
3_1_10	0.83	1	4043	140.2	129.5
3_1_10	0.83	1	4167	103.6	81.4
3_1_10	0.83	1	4193	83.2	88.0
3_1_10	0.83	1	4293	61.4	50.4
3_1_10	0.83	1	6245	113.5	115.0
3_1_10	0.83	1	6417	98.3	75.8
3_1_10	0.83	1	666	117.3	103.6
3_1_10	0.83	1	759	145.2	137.3
3_1_10	0.83	1	767	129.8	145.0
3_1_10	0.92	1	1292	41.8	52.7
3_1_10	0.92	1	1382	89.1	69.7
3_1_10	0.92	1	249	99.6	91.7
3_1_10	0.92	1	4043	163.7	209.6
3_1_10	0.92	1	4167	115.5	90.0
3_1_10	0.92	1	4193	90.2	102.0
3_1_10	0.92	1	4293	65.5	55.1
3_1_10	0.92	1	6245	113.8	97.2
3_1_10	0.92	1	6417	107.3	91.1
3_1_10	0.92	1	666	120.1	98.7
3_1_10	0.92	1	759	166.8	179.9
3_1_10	0.92	1	767	148.2	202.5
3_1_10	1.0	1	1292	51.1	68.9
3_1_10	1.0	1	1382	105.9	82.5
3_1_10	1.0	1	249	116.5	142.3
3_1_10	1.0	1	4043	201.9	278.9
3_1_10	1.0	1	4167	137.0	113.6
3_1_10	1.0	1	4193	110.3	177.0
3_1_10	1.0	1	4293	70.5	55.8
3_1_10	1.0	1	6245	141.8	133.4
3_1_10	1.0	1	6417	124.2	93.2
3_1_10	1.0	1	666	150.0	117.2
3_1_10	1.0	1	759	179.6	142.4
3_1_10	1.0	1	767	172.3	185.9
3_3_6	0.08	0	1292	17.7	17.2
3_3_6	0.08	0	1382	35.4	37.1
3_3_6	0.08	0	249	24.2	31.4
3_3_6	0.08	0	4043	35.1	51.3
3_3_6	0.08	0	4167	37.4	38.3
3_3_6	0.08	0	4193	41.5	38.6
3_3_6	0.08	0	4293	34.5	26.7
3_3_6	0.08	0	6245	38.5	49.3
3_3_6	0.08	0	6417	39.2	45.6
3_3_6	0.08	0	666	33.3	41.3
3_3_6	0.08	0	759	86.6	87.2
3_3_6	0.08	0	767	74.2	74.7
3_3_6	0.08	1	1292	35.4	21.4
3_3_6	0.08	1	1382	72.0	51.8
3_3_6	0.08	1	249	31.6	27.8
3_3_6	0.08	1	4043	78.7	78.8
3_3_6	0.08	1	4167	77.6	65.0
3_3_6	0.08	1	4193	73.2	43.0
3_3_6	0.08	1	4293	66.5	41.7
3_3_6	0.08	1	6245	44.1	51.1
3_3_6	0.08	1	6417	51.5	55.8
3_3_6	0.08	1	666	42.7	49.1
3_3_6	0.08	1	759	130.1	95.6
3_3_6	0.08	1	767	113.9	81.0
3_3_6	0.17	0	1292	19.2	18.2
3_3_6	0.17	0	1382	35.4	38.1
3_3_6	0.17	0	249	35.6	39.8
3_3_6	0.17	0	4043	58.9	72.0
3_3_6	0.17	0	4167	46.0	45.2
3_3_6	0.17	0	4193	44.6	44.0
3_3_6	0.17	0	4293	37.4	29.2
3_3_6	0.17	0	6245	44.3	56.3
3_3_6	0.17	0	6417	49.9	48.4
3_3_6	0.17	0	666	45.3	49.1
3_3_6	0.17	0	759	111.8	102.2
3_3_6	0.17	0	767	101.2	112.8
3_3_6	0.17	1	1292	19.8	19.0
3_3_6	0.17	1	1382	40.9	42.3
3_3_6	0.17	1	249	31.3	35.9
3_3_6	0.17	1	4043	59.1	70.4
3_3_6	0.17	1	4167	41.0	44.1
3_3_6	0.17	1	4193	47.5	43.3
3_3_6	0.17	1	4293	37.9	30.5
3_3_6	0.17	1	6245	44.0	55.3
3_3_6	0.17	1	6417	45.6	50.0
3_3_6	0.17	1	666	41.4	49.0
3_3_6	0.17	1	759	111.3	93.1
3_3_6	0.17	1	767	97.3	81.4
3_3_6	0.25	0	1292	17.1	15.5
3_3_6	0.25	0	1382	57.9	88.4
3_3_6	0.25	0	249	43.1	45.7
3_3_6	0.25	0	4043	45.5	47.4
3_3_6	0.25	0	4167	47.0	44.7
3_3_6	0.25	0	4193	69.1	86.2
3_3_6	0.25	0	4293	52.5	41.2
3_3_6	0.25	0	6245	36.6	38.7
3_3_6	0.25	0	6417	52.5	57.5
3_3_6	0.25	0	666	56.7	55.0
3_3_6	0.25	0	759	57.5	112.2
3_3_6	0.25	0	767	66.4	102.7
3_3_6	0.25	1	1292	21.1	20.8
3_3_6	0.25	1	1382	42.7	45.4
3_3_6	0.25	1	249	38.4	42.2
3_3_6	0.25	1	4043	68.4	79.3
3_3_6	0.25	1	4167	45.0	46.8
3_3_6	0.25	1	4193	50.4	45.1
3_3_6	0.25	1	4293	39.6	32.3
3_3_6	0.25	1	6245	49.6	57.2
3_3_6	0.25	1	6417	50.3	55.1
3_3_6	0.25	1	666	49.2	55.9
3_3_6	0.25	1	759	106.2	96.8
3_3_6	0.25	1	767	91.0	82.9
3_3_6	0.33	0	1292	17.0	13.9
3_3_6	0.33	0	1382	42.7	27.7
3_3_6	0.33	0	249	54.9	47.3
3_3_6	0.33	0	4043	77.2	41.7
3_3_6	0.33	0	4167	57.1	47.7
3_3_6	0.33	0	4193	51.9	49.1
3_3_6	0.33	0	4293	43.2	28.0
3_3_6	0.33	0	6245	36.0	43.8
3_3_6	0.33	0	6417	62.4	48.1
3_3_6	0.33	0	666	51.3	48.6
3_3_6	0.33	0	759	16.6	14.5
3_3_6	0.33	1	1292	22.3	21.8
3_3_6	0.33	1	1382	46.7	49.8
3_3_6	0.33	1	249	45.0	48.7
3_3_6	0.33	1	4043	70.0	79.4
3_3_6	0.33	1	4167	49.9	50.8
3_3_6	0.33	1	4193	54.2	51.8
3_3_6	0.33	1	4293	42.3	33.7
3_3_6	0.33	1	6245	57.1	61.5
3_3_6	0.33	1	6417	54.0	55.3
3_3_6	0.33	1	666	56.9	58.6
3_3_6	0.33	1	759	113.6	113.0
3_3_6	0.33	1	767	91.3	98.6
3_3_6	0.42	0	1292	24.4	14.0
3_3_6	0.42	0	1382	122.5	3.2
3_3_6	0.42	0	249	85.7	70.4
3_3_6	0.42	0	4043	55.0	64.2
3_3_6	0.42	0	4167	69.4	82.0
3_3_6	0.42	0	4193	39.8	19.2
3_3_6	0.42	0	4293	58.4	37.2
3_3_6	0.42	0	6245	75.9	51.3
3_3_6	0.42	0	6417	67.2	59.4
3_3_6	0.42	0	666	61.0	57.7
3_3_6	0.42	1	1292	23.2	22.0
3_3_6	0.42	1	1382	47.2	49.0
3_3_6	0.42	1	249	48.8	50.7
3_3_6	0.42	1	4043	81.0	84.3
3_3_6	0.42	1	4167	55.8	53.9
3_3_6	0.42	1	4193	56.4	50.4
3_3_6	0.42	1	4293	45.6	36.5
3_3_6	0.42	1	6245	63.3	65.4
3_3_6	0.42	1	6417	58.1	58.8
3_3_6	0.42	1	666	62.7	61.3
3_3_6	0.42	1	759	103.3	104.9
3_3_6	0.42	1	767	86.3	85.4
3_3_6	0.5	0	1382	296.9	0
3_3_6	0.5	0	249	71.7	86.2
3_3_6	0.5	0	4043	34.0	0
3_3_6	0.5	0	4167	70.8	65.8
3_3_6	0.5	0	4193	34.4	41.6
3_3_6	0.5	0	4293	51.1	39.9
3_3_6	0.5	0	6245	113.2	123.1
3_3_6	0.5	0	6417	46.5	49.1
3_3_6	0.5	0	666	45.5	41.0
3_3_6	0.5	1	1292	24.2	22.3
3_3_6	0.5	1	1382	51.3	54.6
3_3_6	0.5	1	249	53.2	53.2
3_3_6	0.5	1	4043	85.8	87.1
3_3_6	0.5	1	4167	64.7	67.2
3_3_6	0.5	1	4193	57.8	50.4
3_3_6	0.5	1	4293	48.1	38.0
3_3_6	0.5	1	6245	71.7	67.9
3_3_6	0.5	1	6417	62.7	60.6
3_3_6	0.5	1	666	72.3	68.1
3_3_6	0.5	1	759	114.0	123.8
3_3_6	0.5	1	767	94.8	99.5
3_3_6	0.58	0	1292	237.0	0
3_3_6	0.58	0	249	40.2	0
3_3_6	0.58	0	4043	194.3	0
3_3_6	0.58	0	4193	70.0	0
3_3_6	0.58	0	4293	74.1	0
3_3_6	0.58	0	6245	70.7	0
3_3_6	0.58	0	6417	108.7	0
3_3_6	0.58	1	1292	27.1	26.9
3_3_6	0.58	1	1382	54.4	55.5
3_3_6	0.58	1	249	60.3	58.4
3_3_6	0.58	1	4043	95.2	93.1
3_3_6	0.58	1	4167	70.9	61.2
3_3_6	0.58	1	4193	60.2	55.2
3_3_6	0.58	1	4293	51.2	41.5
3_3_6	0.58	1	6245	80.1	74.5
3_3_6	0.58	1	6417	72.4	67.6
3_3_6	0.58	1	666	82.9	77.1
3_3_6	0.58	1	759	112.0	109.9
3_3_6	0.58	1	767	97.8	134.8
3_3_6	0.67	0	1292	245.5	342.9
3_3_6	0.67	0	249	66.8	0
3_3_6	0.67	0	4043	296.3	350.9
3_3_6	0.67	0	4167	124.4	132.2
3_3_6	0.67	0	4193	381.3	0
3_3_6	0.67	0	4293	78.2	72.5
3_3_6	0.67	0	6245	126.8	35.6
3_3_6	0.67	0	6417	140.2	145.3
3_3_6	0.67	0	666	108.7	115.1
3_3_6	0.67	1	1292	29.0	29.0
3_3_6	0.67	1	1382	64.1	59.4
3_3_6	0.67	1	249	66.2	60.8
3_3_6	0.67	1	4043	107.7	102.6
3_3_6	0.67	1	4167	83.7	72.2
3_3_6	0.67	1	4193	67.9	64.0
3_3_6	0.67	1	4293	54.9	42.3
3_3_6	0.67	1	6245	87.4	75.6
3_3_6	0.67	1	6417	78.0	64.7
3_3_6	0.67	1	666	91.0	80.5
3_3_6	0.67	1	759	122.1	131.7
3_3_6	0.67	1	767	103.6	105.2
3_3_6	0.75	1	1292	31.2	33.8
3_3_6	0.75	1	1382	76.1	73.5
3_3_6	0.75	1	249	75.0	65.5
3_3_6	0.75	1	4043	121.4	100.9
3_3_6	0.75	1	4167	94.8	71.0
3_3_6	0.75	1	4193	74.0	80.1
3_3_6	0.75	1	4293	62.5	45.5
3_3_6	0.75	1	6245	99.9	83.3
3_3_6	0.75	1	6417	89.9	72.4
3_3_6	0.75	1	666	103.6	88.1
3_3_6	0.75	1	759	120.7	113.9
3_3_6	0.75	1	767	109.4	114.6
3_3_6	0.83	0	1292	869.3	0
3_3_6	0.83	0	1382	1025.1	0
3_3_6	0.83	0	249	183.0	0
3_3_6	0.83	0	4043	337.4	0
3_3_6	0.83	0	4167	48.2	0
3_3_6	0.83	0	4193	281.4	0
3_3_6	0.83	0	4293	820.6	0
3_3_6	0.83	0	6245	412.1	0
3_3_6	0.83	0	6417	84.8	0
3_3_6	0.83	0	666	84.8	0
3_3_6	0.83	1	1292	35.0	31.4
3_3_6	0.83	1	1382	85.0	69.2
3_3_6	0.83	1	249	85.8	72.3
3_3_6	0.83	1	4043	133.9	109.6
3_3_6	0.83	1	4167	105.0	74.9
3_3_6	0.83	1	4193	76.2	61.4
3_3_6	0.83	1	4293	68.0	48.2
3_3_6	0.83	1	6245	107.9	87.5
3_3_6	0.83	1	6417	104.1	78.6
3_3_6	0.83	1	666	114.7	86.3
3_3_6	0.83	1	759	139.8	148.1
3_3_6	0.83	1	767	116.5	123.3
3_3_6	0.92	1	1292	36.3	37.2
3_3_6	0.92	1	1382	87.8	61.4
3_3_6	0.92	1	249	86.2	72.5
3_3_6	0.92	1	4043	139.7	107.1
3_3_6	0.92	1	4167	111.6	73.2
3_3_6	0.92	1	4193	84.0	81.1
3_3_6	0.92	1	4293	69.7	47.4
3_3_6	0.92	1	6245	112.7	91.5
3_3_6	0.92	1	6417	106.1	78.2
3_3_6	0.92	1	666	114.7	93.8
3_3_6	0.92	1	759	147.4	113.9
3_3_6	0.92	1	767	130.2	108.7
3_3_6	1.0	1	1292	39.0	33.0
3_3_6	1.0	1	1382	107.3	75.6
3_3_6	1.0	1	249	99.8	103.5
3_3_6	1.0	1	4043	153.8	122.9
3_3_6	1.0	1	4167	126.4	86.7
3_3_6	1.0	1	4193	88.4	75.4
3_3_6	1.0	1	4293	79.6	58.2
3_3_6	1.0	1	6245	123.5	116.0
3_3_6	1.0	1	6417	125.0	113.5
3_3_6	1.0	1	666	140.6	143.5
3_3_6	1.0	1	759	175.7	117.9
3_3_6	1.0	1	767	151.5	107.3
3_1_6	0.08	0	1292	17.4	16.9
3_1_6	0.08	0	1382	35.1	37.3
3_1_6	0.08	0	249	23.5	30.5
3_1_6	0.08	0	4043	34.4	49.7
3_1_6	0.08	0	4167	37.3	38.2
3_1_6	0.08	0	4193	40.8	37.7
3_1_6	0.08	0	4293	34.9	26.8
3_1_6	0.08	0	6245	37.3	47.6
3_1_6	0.08	0	6417	39.0	45.1
3_1_6	0.08	0	666	32.9	40.9
3_1_6	0.08	0	759	87.4	87.3
3_1_6	0.08	0	767	74.1	75.3
3_1_6	0.08	1	1292	35.2	21.6
3_1_6	0.08	1	1382	72.5	52.7
3_1_6	0.08	1	249	29.8	25.5
3_1_6	0.08	1	4043	76.5	80.1
3_1_6	0.08	1	4167	80.2	68.0
3_1_6	0.08	1	4193	72.7	43.8
3_1_6	0.08	1	4293	71.2	45.5
3_1_6	0.08	1	6245	40.6	46.3
3_1_6	0.08	1	6417	50.0	55.1
3_1_6	0.08	1	666	43.2	53.2
3_1_6	0.08	1	759	132.2	96.3
3_1_6	0.08	1	767	111.4	77.3
3_1_6	0.17	0	1292	19.1	18.6
3_1_6	0.17	0	1382	36.2	39.7
3_1_6	0.17	0	249	34.3	37.7
3_1_6	0.17	0	4043	57.0	70.5
3_1_6	0.17	0	4167	46.2	44.7
3_1_6	0.17	0	4193	43.6	44.6
3_1_6	0.17	0	4293	37.8	29.6
3_1_6	0.17	0	6245	44.4	56.7
3_1_6	0.17	0	6417	52.0	51.8
3_1_6	0.17	0	666	44.4	47.7
3_1_6	0.17	0	759	109.6	99.7
3_1_6	0.17	0	767	96.6	83.0
3_1_6	0.17	1	1292	19.5	18.5
3_1_6	0.17	1	1382	39.7	41.8
3_1_6	0.17	1	249	31.8	37.2
3_1_6	0.17	1	4043	57.1	67.6
3_1_6	0.17	1	4167	40.5	42.8
3_1_6	0.17	1	4193	47.3	44.9
3_1_6	0.17	1	4293	37.4	29.4
3_1_6	0.17	1	6245	43.5	54.2
3_1_6	0.17	1	6417	45.2	49.8
3_1_6	0.17	1	666	41.0	48.8
3_1_6	0.17	1	759	110.6	91.9
3_1_6	0.17	1	767	98.4	83.9
3_1_6	0.25	0	1292	19.0	17.8
3_1_6	0.25	0	1382	36.1	38.2
3_1_6	0.25	0	249	41.1	44.9
3_1_6	0.25	0	4043	49.3	57.3
3_1_6	0.25	0	4167	50.5	55.1
3_1_6	0.25	0	4193	63.1	57.0
3_1_6	0.25	0	4293	48.2	44.3
3_1_6	0.25	0	6245	35.1	40.9
3_1_6	0.25	0	6417	55.7	71.4
3_1_6	0.25	0	666	59.5	63.7
3_1_6	0.25	0	759	74.1	116.8
3_1_6	0.25	0	767	78.7	103.5
3_1_6	0.25	1	1292	21.2	20.8
3_1_6	0.25	1	1382	42.6	45.1
3_1_6	0.25	1	249	38.9	43.3
3_1_6	0.25	1	4043	66.3	77.2
3_1_6	0.25	1	4167	44.9	46.1
3_1_6	0.25	1	4193	49.6	44.4
3_1_6	0.25	1	4293	38.9	30.5
3_1_6	0.25	1	6245	51.0	58.4
3_1_6	0.25	1	6417	50.0	52.9
3_1_6	0.25	1	666	49.1	54.5
3_1_6	0.25	1	759	104.4	97.8
3_1_6	0.25	1	767	91.9	82.5
3_1_6	0.33	0	1292	18.9	14.2
3_1_6	0.33	0	1382	52.9	33.3
3_1_6	0.33	0	249	62.4	54.0
3_1_6	0.33	0	4043	91.7	55.3
3_1_6	0.33	0	4167	55.6	48.0
3_1_6	0.33	0	4193	44.1	47.2
3_1_6	0.33	0	4293	55.3	80.9
3_1_6	0.33	0	6245	39.9	47.3
3_1_6	0.33	0	6417	78.5	91.2
3_1_6	0.33	0	666	57.4	52.5
3_1_6	0.33	0	759	8.5	5.0
3_1_6	0.33	1	1292	22.9	23.2
3_1_6	0.33	1	1382	46.0	48.6
3_1_6	0.33	1	249	45.3	49.3
3_1_6	0.33	1	4043	69.6	77.1
3_1_6	0.33	1	4167	51.3	53.6
3_1_6	0.33	1	4193	53.8	49.1
3_1_6	0.33	1	4293	40.9	31.0
3_1_6	0.33	1	6245	58.1	63.6
3_1_6	0.33	1	6417	54.8	57.1
3_1_6	0.33	1	666	57.7	62.5
3_1_6	0.33	1	759	106.4	102.0
3_1_6	0.33	1	767	92.2	99.2
3_1_6	0.42	0	1292	26.5	16.2
3_1_6	0.42	0	1382	122.8	0
3_1_6	0.42	0	249	83.5	55.7
3_1_6	0.42	0	4043	62.2	59.0
3_1_6	0.42	0	4167	65.5	72.9
3_1_6	0.42	0	4193	24.3	23.7
3_1_6	0.42	0	4293	62.8	34.9
3_1_6	0.42	0	6245	98.4	67.6
3_1_6	0.42	0	6417	67.4	50.2
3_1_6	0.42	0	666	74.4	69.4
3_1_6	0.42	1	1292	23.3	22.9
3_1_6	0.42	1	1382	48.1	52.7
3_1_6	0.42	1	249	50.1	51.5
3_1_6	0.42	1	4043	80.8	82.8
3_1_6	0.42	1	4167	57.6	56.3
3_1_6	0.42	1	4193	55.6	51.6
3_1_6	0.42	1	4293	44.0	35.4
3_1_6	0.42	1	6245	63.4	64.3
3_1_6	0.42	1	6417	58.7	59.4
3_1_6	0.42	1	666	64.3	64.2
3_1_6	0.42	1	759	109.0	120.2
3_1_6	0.42	1	767	91.2	105.5
3_1_6	0.5	0	249	63.4	96.9
3_1_6	0.5	0	4043	34.0	0
3_1_6	0.5	0	4167	67.4	72.6
3_1_6	0.5	0	4193	34.4	41.6
3_1_6	0.5	0	4293	50.8	39.5
3_1_6	0.5	0	6245	112.3	137.8
3_1_6	0.5	0	6417	28.2	22.4
3_1_6	0.5	0	666	32.7	30.2
3_1_6	0.5	1	1292	24.8	24.2
3_1_6	0.5	1	1382	53.6	57.0
3_1_6	0.5	1	249	55.3	61.8
3_1_6	0.5	1	4043	86.9	90.1
3_1_6	0.5	1	4167	65.5	60.7
3_1_6	0.5	1	4193	59.6	54.1
3_1_6	0.5	1	4293	46.7	38.7
3_1_6	0.5	1	6245	73.9	76.6
3_1_6	0.5	1	6417	64.1	65.0
3_1_6	0.5	1	666	73.3	70.9
3_1_6	0.5	1	759	125.4	198.6
3_1_6	0.5	1	767	107.4	134.7
3_1_6	0.58	1	1292	27.8	27.4
3_1_6	0.58	1	1382	58.8	63.0
3_1_6	0.58	1	249	64.6	66.1
3_1_6	0.58	1	4043	100.0	115.1
3_1_6	0.58	1	4167	73.4	63.8
3_1_6	0.58	1	4193	61.9	54.6
3_1_6	0.58	1	4293	47.7	37.7
3_1_6	0.58	1	6245	81.4	78.5
3_1_6	0.58	1	6417	71.7	69.2
3_1_6	0.58	1	666	81.7	76.3
3_1_6	0.58	1	759	124.2	127.1
3_1_6	0.58	1	767	106.6	131.6
3_1_6	0.67	1	1292	30.8	33.3
3_1_6	0.67	1	1382	65.0	62.9
3_1_6	0.67	1	249	69.0	64.7
3_1_6	0.67	1	4043	106.1	98.4
3_1_6	0.67	1	4167	82.3	72.3
3_1_6	0.67	1	4193	67.6	70.3
3_1_6	0.67	1	4293	51.9	41.1
3_1_6	0.67	1	6245	88.6	79.1
3_1_6	0.67	1	6417	79.2	71.8
3_1_6	0.67	1	666	95.4	92.8
3_1_6	0.67	1	759	126.1	130.6
3_1_6	0.67	1	767	106.1	125.3
3_1_6	0.75	0	1292	11.0	0
3_1_6	0.75	0	1382	18.2	0
3_1_6	0.75	0	249	53.7	0
3_1_6	0.75	0	4043	21.4	0
3_1_6	0.75	0	4193	45.7	0
3_1_6	0.75	0	4293	25.9	0
3_1_6	0.75	0	6245	13.3	0
3_1_6	0.75	0	6417	26.1	0
3_1_6	0.75	0	666	20.5	0
3_1_6	0.75	1	1292	32.4	39.4
3_1_6	0.75	1	1382	75.2	67.8
3_1_6	0.75	1	249	78.2	71.7
3_1_6	0.75	1	4043	129.1	120.9
3_1_6	0.75	1	4167	97.6	83.9
3_1_6	0.75	1	4193	76.2	77.7
3_1_6	0.75	1	4293	56.9	44.4
3_1_6	0.75	1	6245	100.3	84.5
3_1_6	0.75	1	6417	90.2	74.2
3_1_6	0.75	1	666	106.8	95.0
3_1_6	0.75	1	759	128.7	158.7
3_1_6	0.75	1	767	115.2	164.9
3_1_6	0.83	1	1292	37.8	42.7
3_1_6	0.83	1	1382	88.0	79.4
3_1_6	0.83	1	249	90.1	80.6
3_1_6	0.83	1	4043	143.8	126.3
3_1_6	0.83	1	4167	109.8	84.2
3_1_6	0.83	1	4193	89.5	107.8
3_1_6	0.83	1	4293	65.5	50.1
3_1_6	0.83	1	6245	111.4	97.0
3_1_6	0.83	1	6417	101.2	76.9
3_1_6	0.83	1	666	118.2	104.1
3_1_6	0.83	1	759	147.7	142.9
3_1_6	0.83	1	767	133.0	137.6
3_1_6	0.92	1	1292	45.6	73.5
3_1_6	0.92	1	1382	94.6	109.4
3_1_6	0.92	1	249	101.2	131.3
3_1_6	0.92	1	4043	164.0	241.8
3_1_6	0.92	1	4167	117.8	119.7
3_1_6	0.92	1	4193	104.4	192.7
3_1_6	0.92	1	4293	70.7	73.9
3_1_6	0.92	1	6245	122.1	114.7
3_1_6	0.92	1	6417	117.4	133.8
3_1_6	0.92	1	666	131.4	148.9
3_1_6	0.92	1	759	153.0	154.5
3_1_6	0.92	1	767	145.3	216.8
3_1_6	1.0	1	1292	47.9	68.7
3_1_6	1.0	1	1382	112.3	108.4
3_1_6	1.0	1	249	102.2	97.7
3_1_6	1.0	1	4043	175.3	179.9
3_1_6	1.0	1	4167	126.6	86.5
3_1_6	1.0	1	4193	97.3	167.9
3_1_6	1.0	1	4293	72.1	71.5
3_1_6	1.0	1	6245	128.7	128.7
3_1_6	1.0	1	6417	117.4	92.0
3_1_6	1.0	1	666	138.4	128.4
3_1_6	1.0	1	759	179.2	176.2
3_1_6	1.0	1	767	175.5	233.4
3_6_3	0.08	0	1292	17.9	17.4
3_6_3	0.08	0	1382	36.4	38.5
3_6_3	0.08	0	249	26.1	34.2
3_6_3	0.08	0	4043	38.6	54.7
3_6_3	0.08	0	4167	38.2	39.0
3_6_3	0.08	0	4193	42.2	39.3
3_6_3	0.08	0	4293	35.0	27.9
3_6_3	0.08	0	6245	40.6	51.7
3_6_3	0.08	0	6417	40.3	46.7
3_6_3	0.08	0	666	35.4	43.4
3_6_3	0.08	0	759	84.0	87.9
3_6_3	0.08	0	767	74.8	75.7
3_6_3	0.08	1	1292	35.2	20.8
3_6_3	0.08	1	1382	72.1	51.2
3_6_3	0.08	1	249	32.8	31.4
3_6_3	0.08	1	4043	81.8	81.1
3_6_3	0.08	1	4167	76.4	63.8
3_6_3	0.08	1	4193	72.8	41.8
3_6_3	0.08	1	4293	69.0	41.5
3_6_3	0.08	1	6245	47.4	52.2
3_6_3	0.08	1	6417	57.0	60.5
3_6_3	0.08	1	666	45.7	54.1
3_6_3	0.08	1	759	135.3	102.8
3_6_3	0.08	1	767	117.8	86.2
3_6_3	0.17	0	1292	22.1	23.0
3_6_3	0.17	0	1382	39.5	42.8
3_6_3	0.17	0	249	37.3	40.8
3_6_3	0.17	0	4043	64.4	72.5
3_6_3	0.17	0	4167	48.7	45.9
3_6_3	0.17	0	4193	46.7	47.6
3_6_3	0.17	0	4293	36.5	30.5
3_6_3	0.17	0	6245	48.4	58.5
3_6_3	0.17	0	6417	50.8	50.0
3_6_3	0.17	0	666	48.2	52.1
3_6_3	0.17	0	759	111.4	99.3
3_6_3	0.17	0	767	97.4	83.7
3_6_3	0.17	1	1292	21.1	20.0
3_6_3	0.17	1	1382	44.2	45.4
3_6_3	0.17	1	249	34.9	39.3
3_6_3	0.17	1	4043	65.3	72.8
3_6_3	0.17	1	4167	44.1	45.7
3_6_3	0.17	1	4193	49.8	44.8
3_6_3	0.17	1	4293	38.9	31.0
3_6_3	0.17	1	6245	49.6	58.5
3_6_3	0.17	1	6417	49.1	52.3
3_6_3	0.17	1	666	45.1	51.0
3_6_3	0.17	1	759	114.4	94.4
3_6_3	0.17	1	767	98.9	82.4
3_6_3	0.25	0	1292	20.1	19.4
3_6_3	0.25	0	1382	47.1	45.1
3_6_3	0.25	0	249	46.2	46.9
3_6_3	0.25	0	4043	55.7	60.0
3_6_3	0.25	0	4167	50.8	50.5
3_6_3	0.25	0	4193	73.8	83.8
3_6_3	0.25	0	4293	47.6	35.3
3_6_3	0.25	0	6245	45.6	45.3
3_6_3	0.25	0	6417	51.0	54.7
3_6_3	0.25	0	666	62.1	61.2
3_6_3	0.25	0	759	100.8	127.1
3_6_3	0.25	0	767	121.5	148.3
3_6_3	0.25	1	1292	22.1	21.7
3_6_3	0.25	1	1382	46.0	48.0
3_6_3	0.25	1	249	41.5	45.2
3_6_3	0.25	1	4043	73.1	81.4
3_6_3	0.25	1	4167	48.3	47.8
3_6_3	0.25	1	4193	51.0	45.4
3_6_3	0.25	1	4293	42.4	34.0
3_6_3	0.25	1	6245	54.5	60.6
3_6_3	0.25	1	6417	53.4	54.8
3_6_3	0.25	1	666	52.2	54.6
3_6_3	0.25	1	759	102.9	97.6
3_6_3	0.25	1	767	82.3	81.6
3_6_3	0.33	0	1292	18.1	13.7
3_6_3	0.33	0	1382	32.9	26.6
3_6_3	0.33	0	249	53.9	48.4
3_6_3	0.33	0	4043	72.9	40.1
3_6_3	0.33	0	4167	63.7	51.9
3_6_3	0.33	0	4193	45.4	40.5
3_6_3	0.33	0	4293	48.2	43.0
3_6_3	0.33	0	6245	48.3	56.2
3_6_3	0.33	0	6417	58.1	45.8
3_6_3	0.33	0	666	58.2	69.8
3_6_3	0.33	0	759	8.5	5.0
3_6_3	0.33	1	1292	22.8	22.5
3_6_3	0.33	1	1382	48.7	51.5
3_6_3	0.33	1	249	47.0	48.6
3_6_3	0.33	1	4043	78.6	84.1
3_6_3	0.33	1	4167	53.6	53.1
3_6_3	0.33	1	4193	54.5	46.5
3_6_3	0.33	1	4293	45.9	37.6
3_6_3	0.33	1	6245	61.6	64.5
3_6_3	0.33	1	6417	58.8	58.6
3_6_3	0.33	1	666	62.4	61.5
3_6_3	0.33	1	759	107.5	112.1
3_6_3	0.33	1	767	84.2	79.7
3_6_3	0.42	0	1292	24.3	14.0
3_6_3	0.42	0	1382	122.9	2.5
3_6_3	0.42	0	249	79.8	67.5
3_6_3	0.42	0	4043	87.5	85.5
3_6_3	0.42	0	4167	63.2	81.3
3_6_3	0.42	0	4193	52.2	29.5
3_6_3	0.42	0	4293	58.4	37.3
3_6_3	0.42	0	6245	63.0	56.5
3_6_3	0.42	0	6417	75.1	60.5
3_6_3	0.42	0	666	70.7	62.9
3_6_3	0.42	0	759	30.4	0
3_6_3	0.42	0	767	434.2	0
3_6_3	0.42	1	1292	24.5	22.9
3_6_3	0.42	1	1382	50.3	50.8
3_6_3	0.42	1	249	52.1	52.3
3_6_3	0.42	1	4043	85.2	86.6
3_6_3	0.42	1	4167	59.7	55.4
3_6_3	0.42	1	4193	57.0	52.1
3_6_3	0.42	1	4293	49.6	40.2
3_6_3	0.42	1	6245	69.7	70.0
3_6_3	0.42	1	6417	61.4	58.9
3_6_3	0.42	1	666	70.1	66.1
3_6_3	0.42	1	759	93.5	99.6
3_6_3	0.42	1	767	84.1	80.4
3_6_3	0.5	0	1292	48.1	42.6
3_6_3	0.5	0	1382	169.1	130.8
3_6_3	0.5	0	249	65.0	78.8
3_6_3	0.5	0	4043	135.5	153.1
3_6_3	0.5	0	4167	61.6	56.5
3_6_3	0.5	0	4193	24.8	23.7
3_6_3	0.5	0	4293	41.9	31.2
3_6_3	0.5	0	6245	114.5	96.4
3_6_3	0.5	0	6417	44.2	41.2
3_6_3	0.5	0	666	67.0	47.2
3_6_3	0.5	1	1292	24.9	22.4
3_6_3	0.5	1	1382	53.1	53.3
3_6_3	0.5	1	249	56.8	53.5
3_6_3	0.5	1	4043	92.8	93.2
3_6_3	0.5	1	4167	68.0	59.0
3_6_3	0.5	1	4193	59.5	59.0
3_6_3	0.5	1	4293	53.8	40.9
3_6_3	0.5	1	6245	75.9	69.4
3_6_3	0.5	1	6417	64.4	60.2
3_6_3	0.5	1	666	78.4	71.1
3_6_3	0.5	1	759	108.9	134.4
3_6_3	0.5	1	767	83.0	91.4
3_6_3	0.58	0	1292	37.4	7.7
3_6_3	0.58	0	1382	93.2	113.6
3_6_3	0.58	0	249	101.2	33.0
3_6_3	0.58	0	4043	52.0	42.4
3_6_3	0.58	0	4167	154.5	112.5
3_6_3	0.58	0	4193	8.4	0
3_6_3	0.58	0	4293	140.2	164.6
3_6_3	0.58	0	6245	46.4	0
3_6_3	0.58	0	666	84.4	95.6
3_6_3	0.58	0	759	3.0	0
3_6_3	0.58	1	1292	26.7	23.0
3_6_3	0.58	1	1382	58.1	54.9
3_6_3	0.58	1	249	64.8	59.7
3_6_3	0.58	1	4043	101.3	94.7
3_6_3	0.58	1	4167	76.3	64.4
3_6_3	0.58	1	4193	60.6	49.1
3_6_3	0.58	1	4293	56.6	40.8
3_6_3	0.58	1	6245	83.7	73.4
3_6_3	0.58	1	6417	78.8	67.5
3_6_3	0.58	1	666	89.2	78.4
3_6_3	0.58	1	759	94.8	122.4
3_6_3	0.58	1	767	77.9	83.5
3_6_3	0.67	1	1292	29.8	26.8
3_6_3	0.67	1	1382	65.6	57.1
3_6_3	0.67	1	249	66.7	59.0
3_6_3	0.67	1	4043	113.5	99.6
3_6_3	0.67	1	4167	88.1	64.7
3_6_3	0.67	1	4193	69.3	60.8
3_6_3	0.67	1	4293	62.0	46.2
3_6_3	0.67	1	6245	92.8	75.9
3_6_3	0.67	1	6417	86.1	72.0
3_6_3	0.67	1	666	96.7	81.9
3_6_3	0.67	1	759	109.8	139.0
3_6_3	0.67	1	767	87.9	91.3
3_6_3	0.75	0	1292	164.4	0
3_6_3	0.75	0	1382	275.8	0
3_6_3	0.75	0	249	32.5	0
3_6_3	0.75	0	4043	33.9	0
3_6_3	0.75	0	4167	41.0	0
3_6_3	0.75	0	4193	35.8	0
3_6_3	0.75	0	6245	29.0	0
3_6_3	0.75	0	6417	38.6	0
3_6_3	0.75	0	666	53.2	0
3_6_3	0.75	1	1292	32.2	25.4
3_6_3	0.75	1	1382	75.3	59.5
3_6_3	0.75	1	249	76.3	65.9
3_6_3	0.75	1	4043	126.0	101.0
3_6_3	0.75	1	4167	101.6	73.8
3_6_3	0.75	1	4193	72.3	55.9
3_6_3	0.75	1	4293	66.8	45.4
3_6_3	0.75	1	6245	100.8	80.9
3_6_3	0.75	1	6417	97.0	76.9
3_6_3	0.75	1	666	108.1	87.2
3_6_3	0.75	1	759	116.7	98.4
3_6_3	0.75	1	767	95.2	88.0
3_6_3	0.83	0	1292	73.0	52.4
3_6_3	0.83	0	1382	241.0	253.0
3_6_3	0.83	0	249	47.0	3.8
3_6_3	0.83	0	4043	45.5	4.3
3_6_3	0.83	0	4167	38.4	15.4
3_6_3	0.83	0	4193	262.7	333.4
3_6_3	0.83	0	4293	123.8	123.3
3_6_3	0.83	0	6245	49.2	21.1
3_6_3	0.83	0	6417	30.8	19.9
3_6_3	0.83	0	666	46.9	1.4
3_6_3	0.83	1	1292	36.4	37.1
3_6_3	0.83	1	1382	92.0	66.5
3_6_3	0.83	1	249	91.1	75.9
3_6_3	0.83	1	4043	138.8	105.2
3_6_3	0.83	1	4167	113.6	76.5
3_6_3	0.83	1	4193	80.1	59.7
3_6_3	0.83	1	4293	77.7	72.5
3_6_3	0.83	1	6245	113.5	91.1
3_6_3	0.83	1	6417	111.4	79.6
3_6_3	0.83	1	666	125.0	96.6
3_6_3	0.83	1	759	129.8	99.7
3_6_3	0.83	1	767	112.3	93.4
3_6_3	0.92	1	1292	37.9	32.3
3_6_3	0.92	1	1382	86.6	59.7
3_6_3	0.92	1	249	84.7	70.3
3_6_3	0.92	1	4043	146.9	108.6
3_6_3	0.92	1	4167	120.2	79.6
3_6_3	0.92	1	4193	81.5	63.0
3_6_3	0.92	1	4293	77.5	54.5
3_6_3	0.92	1	6245	119.1	95.9
3_6_3	0.92	1	6417	108.5	82.3
3_6_3	0.92	1	666	120.5	97.1
3_6_3	0.92	1	759	135.2	108.1
3_6_3	0.92	1	767	128.5	116.0
3_6_3	1.0	0	1292	27.6	0
3_6_3	1.0	0	1382	61.6	0
3_6_3	1.0	0	249	268.0	0
3_6_3	1.0	0	4043	258.9	0
3_6_3	1.0	0	4167	83.5	0
3_6_3	1.0	0	4193	16.7	0
3_6_3	1.0	0	4293	12.4	0
3_6_3	1.0	0	6245	483.2	0
3_6_3	1.0	0	6417	308.3	0
3_6_3	1.0	0	666	353.6	0
3_6_3	1.0	0	759	41.2	0
3_6_3	1.0	0	767	66.1	0
3_6_3	1.0	1	1292	38.3	34.5
3_6_3	1.0	1	1382	109.5	65.3
3_6_3	1.0	1	249	94.4	71.8
3_6_3	1.0	1	4043	152.1	117.1
3_6_3	1.0	1	4167	135.4	89.7
3_6_3	1.0	1	4193	96.1	119.6
3_6_3	1.0	1	4293	88.7	56.6
3_6_3	1.0	1	6245	117.1	100.2
3_6_3	1.0	1	6417	126.2	84.2
3_6_3	1.0	1	666	137.8	105.6
3_6_3	1.0	1	759	183.7	101.3
3_6_3	1.0	1	767	143.3	69.4
3_3_3	0.08	0	1292	18.0	17.4
3_3_3	0.08	0	1382	36.3	38.1
3_3_3	0.08	0	249	26.0	33.1
3_3_3	0.08	0	4043	38.9	54.7
3_3_3	0.08	0	4167	38.2	38.8
3_3_3	0.08	0	4193	42.5	39.3
3_3_3	0.08	0	4293	35.2	27.4
3_3_3	0.08	0	6245	40.4	50.9
3_3_3	0.08	0	6417	41.0	46.4
3_3_3	0.08	0	666	35.6	43.1
3_3_3	0.08	0	759	88.5	87.9
3_3_3	0.08	0	767	77.1	76.1
3_3_3	0.08	1	1292	35.9	21.0
3_3_3	0.08	1	1382	74.5	52.9
3_3_3	0.08	1	249	32.4	29.4
3_3_3	0.08	1	4043	82.4	80.7
3_3_3	0.08	1	4167	78.3	63.0
3_3_3	0.08	1	4193	72.6	41.6
3_3_3	0.08	1	4293	69.7	45.3
3_3_3	0.08	1	6245	46.9	53.5
3_3_3	0.08	1	6417	54.5	57.7
3_3_3	0.08	1	666	42.9	50.1
3_3_3	0.08	1	759	136.1	99.8
3_3_3	0.08	1	767	118.3	88.1
3_3_3	0.17	0	1292	20.8	20.7
3_3_3	0.17	0	1382	37.0	38.0
3_3_3	0.17	0	249	37.5	40.7
3_3_3	0.17	0	4043	64.7	75.0
3_3_3	0.17	0	4167	47.9	46.6
3_3_3	0.17	0	4193	45.9	44.6
3_3_3	0.17	0	4293	36.5	30.3
3_3_3	0.17	0	6245	48.2	58.2
3_3_3	0.17	0	6417	50.9	48.6
3_3_3	0.17	0	666	48.9	52.1
3_3_3	0.17	0	759	111.1	98.1
3_3_3	0.17	0	767	98.7	106.3
3_3_3	0.17	1	1292	20.9	20.1
3_3_3	0.17	1	1382	43.5	44.9
3_3_3	0.17	1	249	34.5	39.2
3_3_3	0.17	1	4043	64.4	72.3
3_3_3	0.17	1	4167	43.7	44.6
3_3_3	0.17	1	4193	49.7	44.3
3_3_3	0.17	1	4293	39.3	30.8
3_3_3	0.17	1	6245	49.3	57.9
3_3_3	0.17	1	6417	49.3	51.9
3_3_3	0.17	1	666	45.4	51.5
3_3_3	0.17	1	759	115.3	95.6
3_3_3	0.17	1	767	99.3	79.9
3_3_3	0.25	0	1292	19.7	17.8
3_3_3	0.25	0	1382	40.0	35.7
3_3_3	0.25	0	249	45.6	46.1
3_3_3	0.25	0	4043	61.4	69.6
3_3_3	0.25	0	4167	49.9	47.2
3_3_3	0.25	0	4193	60.5	56.4
3_3_3	0.25	0	4293	46.1	32.3
3_3_3	0.25	0	6245	42.4	43.2
3_3_3	0.25	0	6417	53.2	56.4
3_3_3	0.25	0	666	61.8	60.6
3_3_3	0.25	0	759	63.9	111.8
3_3_3	0.25	0	767	138.3	183.8
3_3_3	0.25	1	1292	22.0	21.6
3_3_3	0.25	1	1382	45.1	47.3
3_3_3	0.25	1	249	40.5	42.9
3_3_3	0.25	1	4043	72.5	80.2
3_3_3	0.25	1	4167	48.4	48.5
3_3_3	0.25	1	4193	51.4	47.0
3_3_3	0.25	1	4293	41.6	33.1
3_3_3	0.25	1	6245	53.5	59.2
3_3_3	0.25	1	6417	52.3	53.8
3_3_3	0.25	1	666	52.2	54.0
3_3_3	0.25	1	759	110.0	105.5
3_3_3	0.25	1	767	84.5	88.7
3_3_3	0.33	0	1292	19.9	14.5
3_3_3	0.33	0	1382	49.8	36.9
3_3_3	0.33	0	249	56.1	46.2
3_3_3	0.33	0	4043	94.8	68.1
3_3_3	0.33	0	4167	68.6	67.7
3_3_3	0.33	0	4193	60.1	74.7
3_3_3	0.33	0	4293	45.5	30.0
3_3_3	0.33	0	6245	57.5	66.4
3_3_3	0.33	0	6417	63.2	62.9
3_3_3	0.33	0	666	69.2	68.1
3_3_3	0.33	0	759	8.5	5.0
3_3_3	0.33	0	767	235.7	81.2
3_3_3	0.33	1	1292	22.8	22.4
3_3_3	0.33	1	1382	48.3	49.3
3_3_3	0.33	1	249	47.4	48.7
3_3_3	0.33	1	4043	76.9	81.5
3_3_3	0.33	1	4167	53.0	52.0
3_3_3	0.33	1	4193	53.8	46.1
3_3_3	0.33	1	4293	44.9	35.5
3_3_3	0.33	1	6245	62.0	64.5
3_3_3	0.33	1	6417	56.8	56.7
3_3_3	0.33	1	666	61.0	59.8
3_3_3	0.33	1	759	104.4	116.9
3_3_3	0.33	1	767	89.8	104.2
3_3_3	0.42	0	1292	26.8	19.2
3_3_3	0.42	0	1382	122.5	3.2
3_3_3	0.42	0	249	77.0	60.9
3_3_3	0.42	0	4043	74.6	62.6
3_3_3	0.42	0	4167	59.8	75.0
3_3_3	0.42	0	4193	39.8	19.2
3_3_3	0.42	0	4293	54.4	38.5
3_3_3	0.42	0	6245	63.3	44.5
3_3_3	0.42	0	6417	63.2	56.6
3_3_3	0.42	0	666	69.2	64.6
3_3_3	0.42	0	767	4.9	0
3_3_3	0.42	1	1292	24.2	22.9
3_3_3	0.42	1	1382	51.4	52.7
3_3_3	0.42	1	249	51.3	51.6
3_3_3	0.42	1	4043	85.6	87.1
3_3_3	0.42	1	4167	58.5	54.5
3_3_3	0.42	1	4193	57.8	51.4
3_3_3	0.42	1	4293	47.7	38.0
3_3_3	0.42	1	6245	67.7	67.5
3_3_3	0.42	1	6417	62.1	59.5
3_3_3	0.42	1	666	68.4	65.1
3_3_3	0.42	1	759	100.9	113.4
3_3_3	0.42	1	767	89.7	83.9
3_3_3	0.5	0	1382	152.5	204.3
3_3_3	0.5	0	249	71.7	86.2
3_3_3	0.5	0	4043	30.3	5.2
3_3_3	0.5	0	4167	62.8	63.6
3_3_3	0.5	0	4193	47.9	50.8
3_3_3	0.5	0	4293	51.1	39.9
3_3_3	0.5	0	6245	111.9	104.3
3_3_3	0.5	0	6417	44.4	43.3
3_3_3	0.5	0	666	57.7	49.4
3_3_3	0.5	0	759	267.7	0
3_3_3	0.5	0	767	41.1	0
3_3_3	0.5	1	1292	25.4	22.8
3_3_3	0.5	1	1382	53.4	54.0
3_3_3	0.5	1	249	56.2	54.1
3_3_3	0.5	1	4043	89.0	89.3
3_3_3	0.5	1	4167	69.2	60.2
3_3_3	0.5	1	4193	59.0	60.2
3_3_3	0.5	1	4293	53.1	42.8
3_3_3	0.5	1	6245	73.1	68.1
3_3_3	0.5	1	6417	64.6	60.1
3_3_3	0.5	1	666	78.4	73.3
3_3_3	0.5	1	759	106.9	103.0
3_3_3	0.5	1	767	88.5	88.2
3_3_3	0.58	0	1292	38.9	0
3_3_3	0.58	0	1382	83.1	0
3_3_3	0.58	0	249	9.9	0
3_3_3	0.58	0	4043	70.4	73.1
3_3_3	0.58	0	4167	164.3	88.4
3_3_3	0.58	0	4193	162.4	28.7
3_3_3	0.58	0	4293	137.9	0
3_3_3	0.58	0	6417	132.6	48.8
3_3_3	0.58	0	666	150.4	93.2
3_3_3	0.58	1	1292	26.9	23.2
3_3_3	0.58	1	1382	56.2	53.9
3_3_3	0.58	1	249	63.4	59.6
3_3_3	0.58	1	4043	100.9	95.8
3_3_3	0.58	1	4167	73.3	61.5
3_3_3	0.58	1	4193	63.1	62.0
3_3_3	0.58	1	4293	55.9	42.4
3_3_3	0.58	1	6245	82.5	73.0
3_3_3	0.58	1	6417	76.3	67.3
3_3_3	0.58	1	666	85.7	77.7
3_3_3	0.58	1	759	92.2	103.2
3_3_3	0.58	1	767	89.9	204.4
3_3_3	0.67	0	1292	199.4	191.2
3_3_3	0.67	0	1382	414.7	0
3_3_3	0.67	0	249	41.5	1.8
3_3_3	0.67	0	4043	215.6	195.0
3_3_3	0.67	0	4167	112.7	147.6
3_3_3	0.67	0	4193	317.5	207.7
3_3_3	0.67	0	4293	129.8	113.9
3_3_3	0.67	0	6245	97.8	39.3
3_3_3	0.67	0	6417	130.5	87.3
3_3_3	0.67	0	666	83.7	93.6
3_3_3	0.67	1	1292	29.3	26.8
3_3_3	0.67	1	1382	65.6	63.8
3_3_3	0.67	1	249	67.0	61.0
3_3_3	0.67	1	4043	108.8	93.6
3_3_3	0.67	1	4167	89.7	66.9
3_3_3	0.67	1	4193	67.2	55.4
3_3_3	0.67	1	4293	59.1	44.1
3_3_3	0.67	1	6245	92.3	80.2
3_3_3	0.67	1	6417	82.1	68.4
3_3_3	0.67	1	666	93.3	78.5
3_3_3	0.67	1	759	94.6	97.8
3_3_3	0.67	1	767	97.1	93.4
3_3_3	0.75	0	1382	19.8	0
3_3_3	0.75	0	249	125.4	0
3_3_3	0.75	0	4043	61.2	0
3_3_3	0.75	0	4167	176.8	0
3_3_3	0.75	0	4193	252.1	0
3_3_3	0.75	0	4293	89.0	0
3_3_3	0.75	0	6245	20.9	0
3_3_3	0.75	0	6417	239.8	0
3_3_3	0.75	0	666	21.9	0
3_3_3	0.75	1	1292	32.7	27.0
3_3_3	0.75	1	1382	78.0	64.1
3_3_3	0.75	1	249	76.0	64.8
3_3_3	0.75	1	4043	124.2	99.0
3_3_3	0.75	1	4167	99.5	70.9
3_3_3	0.75	1	4193	73.4	59.3
3_3_3	0.75	1	4293	67.1	47.8
3_3_3	0.75	1	6245	99.5	79.6
3_3_3	0.75	1	6417	95.5	74.3
3_3_3	0.75	1	666	105.6	84.5
3_3_3	0.75	1	759	139.1	140.0
3_3_3	0.75	1	767	101.8	86.4
3_3_3	0.83	1	1292	34.2	26.0
3_3_3	0.83	1	1382	86.9	57.0
3_3_3	0.83	1	249	89.9	73.0
3_3_3	0.83	1	4043	136.3	103.3
3_3_3	0.83	1	4167	107.5	65.2
3_3_3	0.83	1	4193	76.6	52.0
3_3_3	0.83	1	4293	72.2	45.8
3_3_3	0.83	1	6245	115.0	87.3
3_3_3	0.83	1	6417	108.6	76.8
3_3_3	0.83	1	666	120.2	89.6
3_3_3	0.83	1	759	131.3	118.9
3_3_3	0.83	1	767	100.0	83.2
3_3_3	0.92	1	1292	41.3	79.6
3_3_3	0.92	1	1382	93.5	88.9
3_3_3	0.92	1	249	81.0	68.3
3_3_3	0.92	1	4043	139.4	101.3
3_3_3	0.92	1	4167	126.5	119.6
3_3_3	0.92	1	4193	87.6	90.1
3_3_3	0.92	1	4293	79.9	77.0
3_3_3	0.92	1	6245	112.0	90.2
3_3_3	0.92	1	6417	114.7	128.2
3_3_3	0.92	1	666	109.8	91.1
3_3_3	0.92	1	759	134.7	105.4
3_3_3	0.92	1	767	125.4	97.0
3_3_3	1.0	1	1292	38.6	31.4
3_3_3	1.0	1	1382	108.6	66.9
3_3_3	1.0	1	249	90.4	65.4
3_3_3	1.0	1	4043	147.9	99.6
3_3_3	1.0	1	4167	130.3	64.0
3_3_3	1.0	1	4193	92.4	57.7
3_3_3	1.0	1	4293	84.2	59.6
3_3_3	1.0	1	6245	114.3	97.8
3_3_3	1.0	1	6417	117.1	75.0
3_3_3	1.0	1	666	127.1	101.9
3_3_3	1.0	1	759	199.6	140.1
3_3_3	1.0	1	767	143.7	75.2
3_1_3	0.08	0	1292	17.6	16.9
3_1_3	0.08	0	1382	35.9	37.1
3_1_3	0.08	0	249	25.2	32.3
3_1_3	0.08	0	4043	38.3	53.0
3_1_3	0.08	0	4167	37.9	38.2
3_1_3	0.08	0	4193	41.7	38.3
3_1_3	0.08	0	4293	35.3	27.2
3_1_3	0.08	0	6245	39.3	49.3
3_1_3	0.08	0	6417	40.6	45.6
3_1_3	0.08	0	666	35.3	42.7
3_1_3	0.08	0	759	89.4	87.8
3_1_3	0.08	0	767	77.0	76.3
3_1_3	0.08	1	1292	35.0	20.5
3_1_3	0.08	1	1382	74.8	52.9
3_1_3	0.08	1	249	31.9	29.2
3_1_3	0.08	1	4043	78.5	79.7
3_1_3	0.08	1	4167	81.4	67.5
3_1_3	0.08	1	4193	72.9	42.4
3_1_3	0.08	1	4293	72.3	43.4
3_1_3	0.08	1	6245	41.8	47.3
3_1_3	0.08	1	6417	52.3	55.9
3_1_3	0.08	1	666	41.7	51.0
3_1_3	0.08	1	759	136.3	98.5
3_1_3	0.08	1	767	116.2	82.4
3_1_3	0.17	0	1292	20.5	21.6
3_1_3	0.17	0	1382	35.1	37.1
3_1_3	0.17	0	249	36.8	41.2
3_1_3	0.17	0	4043	63.8	75.2
3_1_3	0.17	0	4167	47.7	44.0
3_1_3	0.17	0	4193	46.3	49.4
3_1_3	0.17	0	4293	38.1	31.2
3_1_3	0.17	0	6245	47.0	56.2
3_1_3	0.17	0	6417	51.2	49.3
3_1_3	0.17	0	666	47.8	51.2
3_1_3	0.17	0	759	109.1	97.4
3_1_3	0.17	0	767	97.1	88.5
3_1_3	0.17	1	1292	20.3	19.6
3_1_3	0.17	1	1382	41.6	43.5
3_1_3	0.17	1	249	33.9	38.1
3_1_3	0.17	1	4043	62.0	69.4
3_1_3	0.17	1	4167	43.2	45.0
3_1_3	0.17	1	4193	48.7	44.4
3_1_3	0.17	1	4293	38.0	29.9
3_1_3	0.17	1	6245	48.2	56.6
3_1_3	0.17	1	6417	47.9	50.4
3_1_3	0.17	1	666	44.0	49.5
3_1_3	0.17	1	759	114.2	93.9
3_1_3	0.17	1	767	99.8	82.9
3_1_3	0.25	0	1292	20.3	17.9
3_1_3	0.25	0	1382	40.6	35.9
3_1_3	0.25	0	249	44.6	52.7
3_1_3	0.25	0	4043	61.0	69.0
3_1_3	0.25	0	4167	48.6	48.2
3_1_3	0.25	0	4193	59.0	51.4
3_1_3	0.25	0	4293	42.4	31.6
3_1_3	0.25	0	6245	45.1	49.8
3_1_3	0.25	0	6417	50.6	54.1
3_1_3	0.25	0	666	61.9	60.3
3_1_3	0.25	0	759	63.7	103.4
3_1_3	0.25	0	767	102.6	113.2
3_1_3	0.25	1	1292	21.9	21.3
3_1_3	0.25	1	1382	44.6	46.7
3_1_3	0.25	1	249	41.2	44.7
3_1_3	0.25	1	4043	70.8	78.2
3_1_3	0.25	1	4167	47.4	46.5
3_1_3	0.25	1	4193	50.7	46.2
3_1_3	0.25	1	4293	40.8	31.6
3_1_3	0.25	1	6245	53.9	59.1
3_1_3	0.25	1	6417	51.1	52.3
3_1_3	0.25	1	666	51.6	53.4
3_1_3	0.25	1	759	107.5	101.4
3_1_3	0.25	1	767	89.2	94.8
3_1_3	0.33	0	1292	22.1	15.2
3_1_3	0.33	0	1382	65.8	121.7
3_1_3	0.33	0	249	59.2	48.4
3_1_3	0.33	0	4043	91.8	69.1
3_1_3	0.33	0	4167	61.1	52.0
3_1_3	0.33	0	4193	42.7	43.7
3_1_3	0.33	0	4293	49.8	36.1
3_1_3	0.33	0	6245	48.7	47.6
3_1_3	0.33	0	6417	67.3	52.6
3_1_3	0.33	0	666	67.4	63.7
3_1_3	0.33	0	759	8.5	5.0
3_1_3	0.33	1	1292	23.0	22.3
3_1_3	0.33	1	1382	47.6	49.7
3_1_3	0.33	1	249	47.3	49.0
3_1_3	0.33	1	4043	75.5	81.4
3_1_3	0.33	1	4167	53.5	52.4
3_1_3	0.33	1	4193	53.7	46.9
3_1_3	0.33	1	4293	42.4	32.3
3_1_3	0.33	1	6245	63.2	67.2
3_1_3	0.33	1	6417	56.8	56.4
3_1_3	0.33	1	666	61.1	61.6
3_1_3	0.33	1	759	106.1	115.9
3_1_3	0.33	1	767	92.8	127.0
3_1_3	0.42	0	1292	25.0	18.2
3_1_3	0.42	0	1382	122.8	0
3_1_3	0.42	0	249	80.3	53.8
3_1_3	0.42	0	4043	66.8	59.0
3_1_3	0.42	0	4167	76.1	70.8
3_1_3	0.42	0	4193	39.1	27.2
3_1_3	0.42	0	4293	65.3	35.6
3_1_3	0.42	0	6245	64.5	51.0
3_1_3	0.42	0	6417	61.0	48.3
3_1_3	0.42	0	666	72.3	62.5
3_1_3	0.42	0	767	4.9	0
3_1_3	0.42	1	1292	24.7	24.3
3_1_3	0.42	1	1382	49.7	50.6
3_1_3	0.42	1	249	51.4	51.4
3_1_3	0.42	1	4043	84.1	85.6
3_1_3	0.42	1	4167	58.8	54.7
3_1_3	0.42	1	4193	57.2	49.6
3_1_3	0.42	1	4293	45.8	36.5
3_1_3	0.42	1	6245	68.2	67.3
3_1_3	0.42	1	6417	59.6	57.9
3_1_3	0.42	1	666	68.1	66.8
3_1_3	0.42	1	759	103.6	116.3
3_1_3	0.42	1	767	96.8	100.5
3_1_3	0.5	0	249	63.4	96.9
3_1_3	0.5	0	4043	34.0	0
3_1_3	0.5	0	4167	64.5	65.3
3_1_3	0.5	0	4193	53.9	44.8
3_1_3	0.5	0	4293	50.8	39.5
3_1_3	0.5	0	6245	105.0	124.6
3_1_3	0.5	0	6417	42.5	40.3
3_1_3	0.5	0	666	32.7	30.2
3_1_3	0.5	0	759	5.0	0
3_1_3	0.5	0	767	145.2	0
3_1_3	0.5	1	1292	26.4	24.6
3_1_3	0.5	1	1382	53.4	54.3
3_1_3	0.5	1	249	56.9	55.3
3_1_3	0.5	1	4043	92.3	90.8
3_1_3	0.5	1	4167	69.0	61.1
3_1_3	0.5	1	4193	62.0	59.5
3_1_3	0.5	1	4293	48.7	39.2
3_1_3	0.5	1	6245	73.3	69.3
3_1_3	0.5	1	6417	65.0	62.1
3_1_3	0.5	1	666	74.7	68.3
3_1_3	0.5	1	759	114.2	110.4
3_1_3	0.5	1	767	95.2	88.2
3_1_3	0.58	1	1292	28.5	27.8
3_1_3	0.58	1	1382	58.4	56.7
3_1_3	0.58	1	249	66.3	64.3
3_1_3	0.58	1	4043	102.1	96.5
3_1_3	0.58	1	4167	77.7	71.1
3_1_3	0.58	1	4193	66.2	60.8
3_1_3	0.58	1	4293	52.4	43.4
3_1_3	0.58	1	6245	81.6	74.3
3_1_3	0.58	1	6417	75.0	67.2
3_1_3	0.58	1	666	85.5	82.0
3_1_3	0.58	1	759	108.3	138.7
3_1_3	0.58	1	767	94.3	97.6
3_1_3	0.67	1	1292	30.9	31.6
3_1_3	0.67	1	1382	69.1	67.9
3_1_3	0.67	1	249	72.4	67.5
3_1_3	0.67	1	4043	111.4	98.6
3_1_3	0.67	1	4167	89.2	74.0
3_1_3	0.67	1	4193	72.8	73.0
3_1_3	0.67	1	4293	55.4	42.5
3_1_3	0.67	1	6245	94.0	78.7
3_1_3	0.67	1	6417	80.1	67.2
3_1_3	0.67	1	666	97.1	87.0
3_1_3	0.67	1	759	115.7	130.0
3_1_3	0.67	1	767	122.5	245.9
3_1_3	0.75	0	1382	8.5	0
3_1_3	0.75	0	249	36.4	0
3_1_3	0.75	0	4043	31.5	0
3_1_3	0.75	0	4167	12.0	0
3_1_3	0.75	0	4193	6.0	0
3_1_3	0.75	0	4293	2.5	0
3_1_3	0.75	0	6245	98.9	0
3_1_3	0.75	0	6417	10.0	0
3_1_3	0.75	0	666	91.4	0
3_1_3	0.75	1	1292	33.5	33.9
3_1_3	0.75	1	1382	81.3	70.7
3_1_3	0.75	1	249	79.9	72.1
3_1_3	0.75	1	4043	128.9	114.3
3_1_3	0.75	1	4167	99.6	92.3
3_1_3	0.75	1	4193	75.5	70.1
3_1_3	0.75	1	4293	60.6	47.7
3_1_3	0.75	1	6245	102.8	88.6
3_1_3	0.75	1	6417	94.4	79.7
3_1_3	0.75	1	666	106.6	93.1
3_1_3	0.75	1	759	133.1	134.8
3_1_3	0.75	1	767	106.9	105.3
3_1_3	0.83	1	1292	38.6	35.6
3_1_3	0.83	1	1382	90.1	87.0
3_1_3	0.83	1	249	92.6	82.4
3_1_3	0.83	1	4043	142.7	118.6
3_1_3	0.83	1	4167	116.2	100.3
3_1_3	0.83	1	4193	88.9	105.2
3_1_3	0.83	1	4293	70.8	53.8
3_1_3	0.83	1	6245	116.6	112.8
3_1_3	0.83	1	6417	111.0	120.9
3_1_3	0.83	1	666	121.5	107.4
3_1_3	0.83	1	759	144.0	157.1
3_1_3	0.83	1	767	142.1	169.1
3_1_3	0.92	1	1292	43.1	80.7
3_1_3	0.92	1	1382	91.1	83.6
3_1_3	0.92	1	249	96.7	84.9
3_1_3	0.92	1	4043	168.2	199.0
3_1_3	0.92	1	4167	112.5	74.1
3_1_3	0.92	1	4193	91.9	99.3
3_1_3	0.92	1	4293	75.5	71.6
3_1_3	0.92	1	6245	109.1	98.9
3_1_3	0.92	1	6417	110.1	100.1
3_1_3	0.92	1	666	114.5	96.3
3_1_3	0.92	1	759	152.3	149.6
3_1_3	0.92	1	767	126.6	120.7
3_1_3	1.0	1	1292	47.3	55.1
3_1_3	1.0	1	1382	107.8	74.1
3_1_3	1.0	1	249	104.5	104.9
3_1_3	1.0	1	4043	162.1	124.7
3_1_3	1.0	1	4167	123.7	83.2
3_1_3	1.0	1	4193	93.8	68.4
3_1_3	1.0	1	4293	77.6	54.4
3_1_3	1.0	1	6245	117.3	121.1
3_1_3	1.0	1	6417	122.8	101.2
3_1_3	1.0	1	666	146.4	173.5
3_1_3	1.0	1	759	153.5	97.5
3_1_3	1.0	1	767	151.6	115.8
3_6_1	0.08	0	1292	18.7	18.7
3_6_1	0.08	0	1382	37.8	40.1
3_6_1	0.08	0	249	28.8	36.2
3_6_1	0.08	0	4043	43.7	59.4
3_6_1	0.08	0	4167	40.1	40.4
3_6_1	0.08	0	4193	43.8	40.6
3_6_1	0.08	0	4293	36.3	30.3
3_6_1	0.08	0	6245	44.9	55.3
3_6_1	0.08	0	6417	43.4	48.9
3_6_1	0.08	0	666	38.2	45.5
3_6_1	0.08	0	759	88.0	89.7
3_6_1	0.08	0	767	77.6	76.5
3_6_1	0.08	1	1292	35.7	21.8
3_6_1	0.08	1	1382	73.0	52.4
3_6_1	0.08	1	249	37.9	38.6
3_6_1	0.08	1	4043	91.0	87.0
3_6_1	0.08	1	4167	81.8	63.3
3_6_1	0.08	1	4193	74.5	44.2
3_6_1	0.08	1	4293	72.4	38.3
3_6_1	0.08	1	6245	56.2	59.2
3_6_1	0.08	1	6417	66.9	64.7
3_6_1	0.08	1	666	56.1	62.0
3_6_1	0.08	1	759	137.3	100.6
3_6_1	0.08	1	767	118.6	88.9
3_6_1	0.17	0	1292	21.5	22.8
3_6_1	0.17	0	1382	39.7	45.9
3_6_1	0.17	0	249	40.4	48.0
3_6_1	0.17	0	4043	68.9	78.7
3_6_1	0.17	0	4167	49.8	46.8
3_6_1	0.17	0	4193	51.0	49.8
3_6_1	0.17	0	4293	38.9	37.5
3_6_1	0.17	0	6245	52.0	61.8
3_6_1	0.17	0	6417	54.3	53.3
3_6_1	0.17	0	666	51.4	53.8
3_6_1	0.17	0	759	114.0	112.0
3_6_1	0.17	0	767	97.7	90.3
3_6_1	0.17	1	1292	23.5	22.9
3_6_1	0.17	1	1382	47.8	47.1
3_6_1	0.17	1	249	39.4	42.2
3_6_1	0.17	1	4043	73.8	79.0
3_6_1	0.17	1	4167	49.9	50.0
3_6_1	0.17	1	4193	52.1	43.8
3_6_1	0.17	1	4293	43.3	34.2
3_6_1	0.17	1	6245	56.2	61.9
3_6_1	0.17	1	6417	54.1	54.5
3_6_1	0.17	1	666	52.5	56.5
3_6_1	0.17	1	759	115.4	96.5
3_6_1	0.17	1	767	99.0	81.3
3_6_1	0.25	0	1292	24.6	25.2
3_6_1	0.25	0	1382	39.1	37.1
3_6_1	0.25	0	249	48.4	47.6
3_6_1	0.25	0	4043	74.8	78.7
3_6_1	0.25	0	4167	56.5	52.4
3_6_1	0.25	0	4193	54.8	46.1
3_6_1	0.25	0	4293	47.4	32.6
3_6_1	0.25	0	6245	50.1	52.1
3_6_1	0.25	0	6417	56.8	61.4
3_6_1	0.25	0	666	65.3	62.3
3_6_1	0.25	0	759	94.2	117.4
3_6_1	0.25	0	767	101.3	149.2
3_6_1	0.25	1	1292	23.4	22.1
3_6_1	0.25	1	1382	50.8	50.6
3_6_1	0.25	1	249	46.5	46.6
3_6_1	0.25	1	4043	82.1	84.7
3_6_1	0.25	1	4167	54.4	51.6
3_6_1	0.25	1	4193	55.6	50.2
3_6_1	0.25	1	4293	47.8	37.6
3_6_1	0.25	1	6245	62.7	64.6
3_6_1	0.25	1	6417	58.2	58.8
3_6_1	0.25	1	666	61.8	59.9
3_6_1	0.25	1	759	101.8	104.3
3_6_1	0.25	1	767	87.1	83.6
3_6_1	0.33	0	1292	32.5	34.6
3_6_1	0.33	0	1382	57.1	50.4
3_6_1	0.33	0	249	65.3	70.8
3_6_1	0.33	0	4043	93.2	61.6
3_6_1	0.33	0	4167	67.7	51.4
3_6_1	0.33	0	4193	73.5	115.5
3_6_1	0.33	0	4293	55.3	55.3
3_6_1	0.33	0	6245	74.0	80.6
3_6_1	0.33	0	6417	63.0	43.5
3_6_1	0.33	0	666	61.6	60.5
3_6_1	0.33	0	759	12.5	7.7
3_6_1	0.33	1	1292	25.0	23.3
3_6_1	0.33	1	1382	53.3	51.2
3_6_1	0.33	1	249	52.5	52.7
3_6_1	0.33	1	4043	91.3	92.6
3_6_1	0.33	1	4167	62.2	57.7
3_6_1	0.33	1	4193	60.1	51.3
3_6_1	0.33	1	4293	50.4	38.4
3_6_1	0.33	1	6245	68.7	66.7
3_6_1	0.33	1	6417	64.4	60.7
3_6_1	0.33	1	666	72.5	68.0
3_6_1	0.33	1	759	79.2	94.7
3_6_1	0.33	1	767	77.8	94.9
3_6_1	0.42	0	1292	29.0	22.9
3_6_1	0.42	0	1382	76.6	50.7
3_6_1	0.42	0	249	66.6	60.9
3_6_1	0.42	0	4043	91.1	85.9
3_6_1	0.42	0	4167	70.1	79.8
3_6_1	0.42	0	4193	61.2	50.9
3_6_1	0.42	0	4293	80.0	72.1
3_6_1	0.42	0	6245	96.9	122.2
3_6_1	0.42	0	6417	69.6	51.0
3_6_1	0.42	0	666	72.5	77.3
3_6_1	0.42	0	767	6.0	0
3_6_1	0.42	1	1292	26.8	23.7
3_6_1	0.42	1	1382	54.8	56.3
3_6_1	0.42	1	249	57.4	54.2
3_6_1	0.42	1	4043	94.8	90.5
3_6_1	0.42	1	4167	69.0	61.1
3_6_1	0.42	1	4193	58.1	49.5
3_6_1	0.42	1	4293	54.8	43.5
3_6_1	0.42	1	6245	78.6	72.9
3_6_1	0.42	1	6417	69.9	62.6
3_6_1	0.42	1	666	80.2	71.5
3_6_1	0.42	1	759	72.1	91.8
3_6_1	0.42	1	767	68.5	90.6
3_6_1	0.5	0	1292	69.0	58.4
3_6_1	0.5	0	1382	159.5	145.6
3_6_1	0.5	0	249	64.2	63.2
3_6_1	0.5	0	4043	145.8	108.9
3_6_1	0.5	0	4167	84.4	69.2
3_6_1	0.5	0	4193	112.9	131.1
3_6_1	0.5	0	4293	65.4	39.5
3_6_1	0.5	0	6245	124.3	94.1
3_6_1	0.5	0	6417	55.7	39.8
3_6_1	0.5	0	666	59.9	39.5
3_6_1	0.5	0	759	267.7	0
3_6_1	0.5	0	767	41.1	0
3_6_1	0.5	1	1292	28.2	24.2
3_6_1	0.5	1	1382	61.0	55.9
3_6_1	0.5	1	249	65.8	59.7
3_6_1	0.5	1	4043	102.8	93.8
3_6_1	0.5	1	4167	80.3	71.8
3_6_1	0.5	1	4193	64.6	53.8
3_6_1	0.5	1	4293	59.8	43.2
3_6_1	0.5	1	6245	84.2	73.3
3_6_1	0.5	1	6417	79.5	69.8
3_6_1	0.5	1	666	89.6	78.0
3_6_1	0.5	1	759	65.7	96.8
3_6_1	0.5	1	767	74.4	79.7
3_6_1	0.58	0	1292	29.4	3.6
3_6_1	0.58	0	1382	93.2	113.6
3_6_1	0.58	0	249	92.4	36.9
3_6_1	0.58	0	4043	82.0	0
3_6_1	0.58	0	4167	137.6	133.3
3_6_1	0.58	0	4193	8.4	0
3_6_1	0.58	0	4293	126.4	177.7
3_6_1	0.58	0	6245	14.9	0
3_6_1	0.58	0	6417	6.5	0
3_6_1	0.58	0	666	88.8	60.9
3_6_1	0.58	0	759	3.0	0
3_6_1	0.58	1	1292	29.2	23.1
3_6_1	0.58	1	1382	65.2	53.9
3_6_1	0.58	1	249	70.1	61.8
3_6_1	0.58	1	4043	109.1	93.7
3_6_1	0.58	1	4167	88.8	64.4
3_6_1	0.58	1	4193	66.3	50.8
3_6_1	0.58	1	4293	63.2	43.8
3_6_1	0.58	1	6245	87.4	73.6
3_6_1	0.58	1	6417	85.0	67.7
3_6_1	0.58	1	666	96.1	81.8
3_6_1	0.58	1	759	80.9	99.7
3_6_1	0.58	1	767	76.2	83.4
3_6_1	0.67	0	1292	168.1	0
3_6_1	0.67	0	1382	122.2	150.2
3_6_1	0.67	0	249	44.0	24.1
3_6_1	0.67	0	4043	34.9	0
3_6_1	0.67	0	4167	171.3	212.6
3_6_1	0.67	0	4193	991.7	0
3_6_1	0.67	0	4293	269.4	342.9
3_6_1	0.67	0	6245	65.5	52.4
3_6_1	0.67	0	6417	28.4	0
3_6_1	0.67	0	666	51.5	48.9
3_6_1	0.67	1	1292	31.2	26.4
3_6_1	0.67	1	1382	72.9	65.6
3_6_1	0.67	1	249	73.7	64.1
3_6_1	0.67	1	4043	119.5	97.7
3_6_1	0.67	1	4167	94.9	65.7
3_6_1	0.67	1	4193	74.2	64.8
3_6_1	0.67	1	4293	67.4	46.9
3_6_1	0.67	1	6245	94.2	76.0
3_6_1	0.67	1	6417	92.3	74.4
3_6_1	0.67	1	666	104.8	86.9
3_6_1	0.67	1	759	92.2	102.5
3_6_1	0.67	1	767	82.6	85.4
3_6_1	0.75	0	1292	25.1	0
3_6_1	0.75	0	1382	533.7	0
3_6_1	0.75	0	249	79.3	0
3_6_1	0.75	0	4043	85.5	0
3_6_1	0.75	0	4167	367.1	0
3_6_1	0.75	0	4193	63.1	0
3_6_1	0.75	0	4293	415.8	0
3_6_1	0.75	0	6417	74.9	0
3_6_1	0.75	0	666	56.1	0
3_6_1	0.75	1	1292	35.9	36.9
3_6_1	0.75	1	1382	86.1	71.8
3_6_1	0.75	1	249	79.4	65.8
3_6_1	0.75	1	4043	134.0	113.4
3_6_1	0.75	1	4167	113.7	78.8
3_6_1	0.75	1	4193	78.1	64.8
3_6_1	0.75	1	4293	76.6	54.1
3_6_1	0.75	1	6245	109.6	90.3
3_6_1	0.75	1	6417	103.9	78.0
3_6_1	0.75	1	666	112.7	91.7
3_6_1	0.75	1	759	112.3	100.9
3_6_1	0.75	1	767	111.9	107.9
3_6_1	0.83	0	1292	113.2	128.6
3_6_1	0.83	0	1382	195.2	148.2
3_6_1	0.83	0	249	121.3	97.2
3_6_1	0.83	0	4043	193.1	163.4
3_6_1	0.83	0	4167	192.1	176.6
3_6_1	0.83	0	4193	251.4	228.6
3_6_1	0.83	0	4293	132.2	86.1
3_6_1	0.83	0	6245	126.9	96.0
3_6_1	0.83	0	6417	98.9	114.2
3_6_1	0.83	0	666	89.8	47.1
3_6_1	0.83	1	1292	37.4	26.2
3_6_1	0.83	1	1382	91.7	56.5
3_6_1	0.83	1	249	88.0	70.0
3_6_1	0.83	1	4043	148.9	108.6
3_6_1	0.83	1	4167	121.0	75.9
3_6_1	0.83	1	4193	85.1	72.8
3_6_1	0.83	1	4293	76.6	50.8
3_6_1	0.83	1	6245	112.8	84.3
3_6_1	0.83	1	6417	110.8	75.9
3_6_1	0.83	1	666	123.2	91.5
3_6_1	0.83	1	759	114.3	106.3
3_6_1	0.83	1	767	122.2	111.0
3_6_1	0.92	1	1292	47.0	42.2
3_6_1	0.92	1	1382	93.2	67.2
3_6_1	0.92	1	249	85.1	81.4
3_6_1	0.92	1	4043	156.6	123.0
3_6_1	0.92	1	4167	127.9	61.3
3_6_1	0.92	1	4193	117.4	201.9
3_6_1	0.92	1	4293	101.1	73.5
3_6_1	0.92	1	6245	110.3	88.1
3_6_1	0.92	1	6417	99.5	76.4
3_6_1	0.92	1	666	118.1	84.4
3_6_1	0.92	1	759	143.7	102.0
3_6_1	0.92	1	767	115.5	84.0
3_6_1	1.0	1	1292	31.9	24.1
3_6_1	1.0	1	1382	103.8	60.0
3_6_1	1.0	1	249	97.0	87.1
3_6_1	1.0	1	4043	128.9	81.4
3_6_1	1.0	1	4167	125.2	57.7
3_6_1	1.0	1	4193	80.2	49.2
3_6_1	1.0	1	4293	97.5	63.9
3_6_1	1.0	1	6245	109.2	89.2
3_6_1	1.0	1	6417	134.5	83.4
3_6_1	1.0	1	666	149.7	130.8
3_6_1	1.0	1	759	152.9	89.1
3_6_1	1.0	1	767	132.7	77.7
3_3_1	0.08	0	1292	18.6	18.0
3_3_1	0.08	0	1382	37.7	39.6
3_3_1	0.08	0	249	29.0	35.7
3_3_1	0.08	0	4043	44.5	59.4
3_3_1	0.08	0	4167	40.5	40.2
3_3_1	0.08	0	4193	43.8	40.1
3_3_1	0.08	0	4293	36.5	28.4
3_3_1	0.08	0	6245	44.8	54.5
3_3_1	0.08	0	6417	44.1	48.1
3_3_1	0.08	0	666	38.8	45.2
3_3_1	0.08	0	759	92.6	90.5
3_3_1	0.08	0	767	80.0	76.9
3_3_1	0.08	1	1292	36.1	22.0
3_3_1	0.08	1	1382	75.3	53.5
3_3_1	0.08	1	249	35.4	33.8
3_3_1	0.08	1	4043	90.8	86.8
3_3_1	0.08	1	4167	84.5	65.4
3_3_1	0.08	1	4193	75.3	43.9
3_3_1	0.08	1	4293	74.9	42.3
3_3_1	0.08	1	6245	52.8	57.5
3_3_1	0.08	1	6417	60.6	62.9
3_3_1	0.08	1	666	52.3	59.5
3_3_1	0.08	1	759	138.1	97.7
3_3_1	0.08	1	767	118.5	86.3
3_3_1	0.17	0	1292	20.5	20.0
3_3_1	0.17	0	1382	39.1	44.6
3_3_1	0.17	0	249	39.9	42.8
3_3_1	0.17	0	4043	67.2	76.2
3_3_1	0.17	0	4167	48.7	46.1
3_3_1	0.17	0	4193	49.7	49.1
3_3_1	0.17	0	4293	38.9	32.6
3_3_1	0.17	0	6245	51.7	60.4
3_3_1	0.17	0	6417	53.2	50.6
3_3_1	0.17	0	666	52.9	55.0
3_3_1	0.17	0	759	110.9	100.2
3_3_1	0.17	0	767	95.7	87.7
3_3_1	0.17	1	1292	23.0	21.8
3_3_1	0.17	1	1382	46.9	47.2
3_3_1	0.17	1	249	38.8	41.3
3_3_1	0.17	1	4043	72.4	77.3
3_3_1	0.17	1	4167	48.3	47.5
3_3_1	0.17	1	4193	52.2	44.3
3_3_1	0.17	1	4293	42.5	33.6
3_3_1	0.17	1	6245	55.3	60.1
3_3_1	0.17	1	6417	52.9	53.7
3_3_1	0.17	1	666	51.3	54.2
3_3_1	0.17	1	759	116.3	97.4
3_3_1	0.17	1	767	99.9	80.8
3_3_1	0.25	0	1292	23.4	24.3
3_3_1	0.25	0	1382	43.2	48.0
3_3_1	0.25	0	249	49.0	49.7
3_3_1	0.25	0	4043	71.0	76.0
3_3_1	0.25	0	4167	54.7	52.7
3_3_1	0.25	0	4193	54.5	48.8
3_3_1	0.25	0	4293	46.7	30.8
3_3_1	0.25	0	6245	52.7	56.3
3_3_1	0.25	0	6417	58.0	58.3
3_3_1	0.25	0	666	64.5	61.8
3_3_1	0.25	0	759	68.2	109.2
3_3_1	0.25	0	767	100.9	163.1
3_3_1	0.25	1	1292	22.7	21.4
3_3_1	0.25	1	1382	50.3	51.3
3_3_1	0.25	1	249	45.8	47.1
3_3_1	0.25	1	4043	81.1	83.7
3_3_1	0.25	1	4167	53.2	51.3
3_3_1	0.25	1	4193	55.3	50.2
3_3_1	0.25	1	4293	45.8	35.1
3_3_1	0.25	1	6245	61.2	63.1
3_3_1	0.25	1	6417	57.5	58.1
3_3_1	0.25	1	666	60.0	58.7
3_3_1	0.25	1	759	104.6	103.5
3_3_1	0.25	1	767	94.9	94.3
3_3_1	0.33	0	1292	20.5	15.9
3_3_1	0.33	0	1382	66.1	89.9
3_3_1	0.33	0	249	57.6	47.5
3_3_1	0.33	0	4043	86.8	72.5
3_3_1	0.33	0	4167	68.4	54.3
3_3_1	0.33	0	4193	45.5	45.3
3_3_1	0.33	0	4293	56.4	52.1
3_3_1	0.33	0	6245	62.5	71.4
3_3_1	0.33	0	6417	70.1	58.5
3_3_1	0.33	0	666	64.6	56.0
3_3_1	0.33	0	759	8.7	3.5
3_3_1	0.33	0	767	197.3	0
3_3_1	0.33	1	1292	24.4	23.0
3_3_1	0.33	1	1382	53.5	51.6
3_3_1	0.33	1	249	51.9	50.7
3_3_1	0.33	1	4043	87.3	88.0
3_3_1	0.33	1	4167	62.0	56.5
3_3_1	0.33	1	4193	57.5	45.6
3_3_1	0.33	1	4293	49.2	39.5
3_3_1	0.33	1	6245	68.9	67.3
3_3_1	0.33	1	6417	62.3	59.0
3_3_1	0.33	1	666	70.7	65.8
3_3_1	0.33	1	759	82.1	97.6
3_3_1	0.33	1	767	69.8	76.3
3_3_1	0.42	0	1292	31.6	21.1
3_3_1	0.42	0	1382	62.9	52.7
3_3_1	0.42	0	249	70.9	57.2
3_3_1	0.42	0	4043	101.8	112.2
3_3_1	0.42	0	4167	67.7	74.5
3_3_1	0.42	0	4193	55.5	46.7
3_3_1	0.42	0	4293	58.4	41.0
3_3_1	0.42	0	6245	46.6	37.1
3_3_1	0.42	0	6417	67.9	52.5
3_3_1	0.42	0	666	65.3	67.5
3_3_1	0.42	0	767	24.4	32.9
3_3_1	0.42	1	1292	26.4	23.4
3_3_1	0.42	1	1382	56.0	58.5
3_3_1	0.42	1	249	55.7	54.0
3_3_1	0.42	1	4043	92.3	86.9
3_3_1	0.42	1	4167	67.1	59.0
3_3_1	0.42	1	4193	57.7	51.6
3_3_1	0.42	1	4293	53.6	42.5
3_3_1	0.42	1	6245	75.9	71.7
3_3_1	0.42	1	6417	68.1	61.3
3_3_1	0.42	1	666	77.0	69.9
3_3_1	0.42	1	759	67.4	91.9
3_3_1	0.42	1	767	58.5	72.9
3_3_1	0.5	0	1292	27.7	0
3_3_1	0.5	0	1382	152.5	204.3
3_3_1	0.5	0	249	63.4	73.0
3_3_1	0.5	0	4043	83.1	79.8
3_3_1	0.5	0	4167	69.6	54.6
3_3_1	0.5	0	4193	60.3	42.1
3_3_1	0.5	0	4293	61.5	38.6
3_3_1	0.5	0	6245	127.6	96.5
3_3_1	0.5	0	6417	53.1	41.7
3_3_1	0.5	0	666	63.9	43.8
3_3_1	0.5	0	759	267.7	0
3_3_1	0.5	0	767	41.1	0
3_3_1	0.5	1	1292	27.8	24.4
3_3_1	0.5	1	1382	57.1	53.3
3_3_1	0.5	1	249	62.1	56.3
3_3_1	0.5	1	4043	98.0	89.4
3_3_1	0.5	1	4167	78.0	65.5
3_3_1	0.5	1	4193	62.5	50.2
3_3_1	0.5	1	4293	58.0	43.5
3_3_1	0.5	1	6245	79.9	69.1
3_3_1	0.5	1	6417	74.5	64.4
3_3_1	0.5	1	666	87.5	76.0
3_3_1	0.5	1	759	56.5	90.9
3_3_1	0.5	1	767	73.8	76.0
3_3_1	0.58	0	1292	55.9	35.6
3_3_1	0.58	0	1382	96.2	129.3
3_3_1	0.58	0	249	99.1	71.8
3_3_1	0.58	0	4043	181.3	83.8
3_3_1	0.58	0	4167	187.7	146.1
3_3_1	0.58	0	4193	208.1	162.1
3_3_1	0.58	0	4293	76.6	74.8
3_3_1	0.58	0	6245	12.6	4.7
3_3_1	0.58	0	6417	124.9	158.3
3_3_1	0.58	0	666	73.6	54.8
3_3_1	0.58	1	1292	29.1	24.0
3_3_1	0.58	1	1382	65.3	55.5
3_3_1	0.58	1	249	68.0	60.9
3_3_1	0.58	1	4043	109.0	96.9
3_3_1	0.58	1	4167	86.3	63.3
3_3_1	0.58	1	4193	67.5	55.0
3_3_1	0.58	1	4293	64.7	46.9
3_3_1	0.58	1	6245	86.9	75.2
3_3_1	0.58	1	6417	84.3	69.4
3_3_1	0.58	1	666	92.3	77.4
3_3_1	0.58	1	759	91.4	120.2
3_3_1	0.58	1	767	74.8	80.5
3_3_1	0.67	0	1292	340.8	0
3_3_1	0.67	0	4043	380.2	0
3_3_1	0.67	0	4167	282.7	0
3_3_1	0.67	0	4193	323.4	0
3_3_1	0.67	0	4293	92.0	0
3_3_1	0.67	0	6245	139.3	0
3_3_1	0.67	0	6417	282.9	0
3_3_1	0.67	0	666	190.1	0
3_3_1	0.67	1	1292	31.0	25.6
3_3_1	0.67	1	1382	67.5	56.6
3_3_1	0.67	1	249	71.9	64.0
3_3_1	0.67	1	4043	113.8	95.7
3_3_1	0.67	1	4167	95.8	72.2
3_3_1	0.67	1	4193	73.5	68.4
3_3_1	0.67	1	4293	67.7	48.1
3_3_1	0.67	1	6245	93.6	76.9
3_3_1	0.67	1	6417	89.3	71.5
3_3_1	0.67	1	666	100.5	84.5
3_3_1	0.67	1	759	107.0	136.6
3_3_1	0.67	1	767	82.9	91.2
3_3_1	0.75	0	1292	147.5	0
3_3_1	0.75	0	1382	42.9	32.7
3_3_1	0.75	0	249	83.4	59.4
3_3_1	0.75	0	4043	80.1	26.7
3_3_1	0.75	0	4167	203.2	37.4
3_3_1	0.75	0	4193	245.1	9.9
3_3_1	0.75	0	4293	102.4	30.6
3_3_1	0.75	0	6245	20.9	0
3_3_1	0.75	0	6417	92.3	33.8
3_3_1	0.75	0	666	49.2	38.6
3_3_1	0.75	1	1292	35.1	29.8
3_3_1	0.75	1	1382	83.1	67.3
3_3_1	0.75	1	249	77.9	66.4
3_3_1	0.75	1	4043	127.5	101.6
3_3_1	0.75	1	4167	109.6	75.9
3_3_1	0.75	1	4193	84.8	84.2
3_3_1	0.75	1	4293	75.1	55.3
3_3_1	0.75	1	6245	100.8	79.2
3_3_1	0.75	1	6417	104.6	83.2
3_3_1	0.75	1	666	110.8	89.0
3_3_1	0.75	1	759	101.2	103.7
3_3_1	0.75	1	767	94.6	86.8
3_3_1	0.83	1	1292	33.9	24.2
3_3_1	0.83	1	1382	89.5	59.7
3_3_1	0.83	1	249	83.3	66.8
3_3_1	0.83	1	4043	144.4	100.4
3_3_1	0.83	1	4167	120.6	74.6
3_3_1	0.83	1	4193	78.3	57.0
3_3_1	0.83	1	4293	77.4	49.4
3_3_1	0.83	1	6245	117.1	87.2
3_3_1	0.83	1	6417	103.9	72.5
3_3_1	0.83	1	666	119.2	85.4
3_3_1	0.83	1	759	127.2	116.2
3_3_1	0.83	1	767	115.4	102.1
3_3_1	0.92	1	1292	41.4	32.6
3_3_1	0.92	1	1382	86.3	67.6
3_3_1	0.92	1	249	73.1	60.3
3_3_1	0.92	1	4043	141.8	99.1
3_3_1	0.92	1	4167	124.3	69.6
3_3_1	0.92	1	4193	89.8	70.0
3_3_1	0.92	1	4293	86.3	57.5
3_3_1	0.92	1	6245	93.3	80.0
3_3_1	0.92	1	6417	103.2	73.2
3_3_1	0.92	1	666	93.9	72.6
3_3_1	0.92	1	759	155.6	113.4
3_3_1	0.92	1	767	124.5	87.7
3_3_1	1.0	1	1292	36.6	34.3
3_3_1	1.0	1	1382	101.5	49.7
3_3_1	1.0	1	249	77.7	50.7
3_3_1	1.0	1	4043	124.7	69.3
3_3_1	1.0	1	4167	125.2	50.6
3_3_1	1.0	1	4193	74.8	45.5
3_3_1	1.0	1	4293	80.6	42.1
3_3_1	1.0	1	6245	118.0	85.2
3_3_1	1.0	1	6417	121.7	78.9
3_3_1	1.0	1	666	160.5	136.7
3_3_1	1.0	1	759	150.8	91.7
3_3_1	1.0	1	767	118.2	75.9
3_1_1	0.08	0	1292	18.4	17.5
3_1_1	0.08	0	1382	37.1	38.2
3_1_1	0.08	0	249	28.2	34.9
3_1_1	0.08	0	4043	44.2	57.7
3_1_1	0.08	0	4167	40.1	39.6
3_1_1	0.08	0	4193	43.3	39.4
3_1_1	0.08	0	4293	36.6	28.1
3_1_1	0.08	0	6245	43.3	52.4
3_1_1	0.08	0	6417	43.4	47.0
3_1_1	0.08	0	666	38.7	44.9
3_1_1	0.08	0	759	92.6	89.2
3_1_1	0.08	0	767	79.8	76.3
3_1_1	0.08	1	1292	36.3	22.3
3_1_1	0.08	1	1382	75.9	53.6
3_1_1	0.08	1	249	32.5	29.8
3_1_1	0.08	1	4043	84.6	85.5
3_1_1	0.08	1	4167	83.3	64.7
3_1_1	0.08	1	4193	75.2	44.0
3_1_1	0.08	1	4293	74.3	40.2
3_1_1	0.08	1	6245	45.7	50.9
3_1_1	0.08	1	6417	52.9	56.7
3_1_1	0.08	1	666	46.0	51.6
3_1_1	0.08	1	759	138.1	96.2
3_1_1	0.08	1	767	116.9	85.4
3_1_1	0.17	0	1292	19.5	18.7
3_1_1	0.17	0	1382	37.1	40.6
3_1_1	0.17	0	249	39.1	42.4
3_1_1	0.17	0	4043	67.0	75.3
3_1_1	0.17	0	4167	48.3	44.1
3_1_1	0.17	0	4193	46.1	40.9
3_1_1	0.17	0	4293	38.0	30.2
3_1_1	0.17	0	6245	50.6	57.8
3_1_1	0.17	0	6417	54.2	51.5
3_1_1	0.17	0	666	52.4	53.6
3_1_1	0.17	0	759	110.2	99.8
3_1_1	0.17	0	767	94.3	82.5
3_1_1	0.17	1	1292	21.8	20.1
3_1_1	0.17	1	1382	44.5	45.4
3_1_1	0.17	1	249	37.3	39.8
3_1_1	0.17	1	4043	68.7	73.5
3_1_1	0.17	1	4167	46.6	45.8
3_1_1	0.17	1	4193	51.5	45.0
3_1_1	0.17	1	4293	40.1	30.8
3_1_1	0.17	1	6245	53.2	58.5
3_1_1	0.17	1	6417	50.5	51.0
3_1_1	0.17	1	666	48.4	50.7
3_1_1	0.17	1	759	115.1	95.7
3_1_1	0.17	1	767	99.5	80.7
3_1_1	0.25	0	1292	22.6	20.2
3_1_1	0.25	0	1382	39.1	39.2
3_1_1	0.25	0	249	46.9	48.8
3_1_1	0.25	0	4043	56.9	63.0
3_1_1	0.25	0	4167	54.5	52.4
3_1_1	0.25	0	4193	52.3	41.8
3_1_1	0.25	0	4293	46.2	40.9
3_1_1	0.25	0	6245	54.6	60.4
3_1_1	0.25	0	6417	54.1	56.3
3_1_1	0.25	0	666	66.9	63.5
3_1_1	0.25	0	759	87.3	106.9
3_1_1	0.25	0	767	107.4	138.9
3_1_1	0.25	1	1292	22.8	22.3
3_1_1	0.25	1	1382	49.2	50.7
3_1_1	0.25	1	249	44.2	44.3
3_1_1	0.25	1	4043	76.4	78.8
3_1_1	0.25	1	4167	51.3	48.4
3_1_1	0.25	1	4193	52.4	46.1
3_1_1	0.25	1	4293	44.0	33.6
3_1_1	0.25	1	6245	58.4	61.1
3_1_1	0.25	1	6417	55.1	53.6
3_1_1	0.25	1	666	57.7	56.6
3_1_1	0.25	1	759	92.9	96.6
3_1_1	0.25	1	767	92.6	91.0
3_1_1	0.33	0	1292	21.4	15.6
3_1_1	0.33	0	1382	65.5	91.7
3_1_1	0.33	0	249	58.1	50.4
3_1_1	0.33	0	4043	88.2	73.9
3_1_1	0.33	0	4167	63.3	56.9
3_1_1	0.33	0	4193	44.6	43.2
3_1_1	0.33	0	4293	48.2	33.8
3_1_1	0.33	0	6245	60.0	63.4
3_1_1	0.33	0	6417	68.3	55.1
3_1_1	0.33	0	666	69.6	59.8
3_1_1	0.33	0	759	50.7	73.5
3_1_1	0.33	0	767	121.8	0
3_1_1	0.33	1	1292	24.0	21.8
3_1_1	0.33	1	1382	50.8	48.9
3_1_1	0.33	1	249	48.6	46.9
3_1_1	0.33	1	4043	82.6	85.8
3_1_1	0.33	1	4167	58.4	52.9
3_1_1	0.33	1	4193	56.6	50.3
3_1_1	0.33	1	4293	45.8	36.3
3_1_1	0.33	1	6245	65.0	64.3
3_1_1	0.33	1	6417	58.7	54.6
3_1_1	0.33	1	666	65.1	61.1
3_1_1	0.33	1	759	77.7	100.6
3_1_1	0.33	1	767	78.4	92.4
3_1_1	0.42	0	1292	34.7	25.2
3_1_1	0.42	0	1382	81.0	71.5
3_1_1	0.42	0	249	63.2	48.1
3_1_1	0.42	0	4043	66.6	62.9
3_1_1	0.42	0	4167	77.5	67.6
3_1_1	0.42	0	4193	61.3	48.0
3_1_1	0.42	0	4293	60.4	40.9
3_1_1	0.42	0	6245	73.0	62.7
3_1_1	0.42	0	6417	70.2	60.0
3_1_1	0.42	0	666	75.7	70.8
3_1_1	0.42	0	767	5.5	0.8
3_1_1	0.42	1	1292	25.4	24.1
3_1_1	0.42	1	1382	53.2	54.3
3_1_1	0.42	1	249	52.7	51.2
3_1_1	0.42	1	4043	88.0	84.6
3_1_1	0.42	1	4167	65.4	61.0
3_1_1	0.42	1	4193	56.8	48.5
3_1_1	0.42	1	4293	49.4	39.1
3_1_1	0.42	1	6245	72.3	69.6
3_1_1	0.42	1	6417	63.8	58.1
3_1_1	0.42	1	666	71.6	64.2
3_1_1	0.42	1	759	67.2	83.9
3_1_1	0.42	1	767	64.0	83.1
3_1_1	0.5	0	1292	68.4	56.9
3_1_1	0.5	0	1382	7.9	0
3_1_1	0.5	0	249	79.3	69.0
3_1_1	0.5	0	4043	85.2	75.5
3_1_1	0.5	0	4167	82.1	74.9
3_1_1	0.5	0	4193	59.3	6.5
3_1_1	0.5	0	4293	46.9	30.5
3_1_1	0.5	0	6245	135.5	116.9
3_1_1	0.5	0	6417	51.0	41.8
3_1_1	0.5	0	666	81.2	73.3
3_1_1	0.5	0	767	14.0	0
3_1_1	0.5	1	1292	27.2	23.6
3_1_1	0.5	1	1382	57.4	56.5
3_1_1	0.5	1	249	59.7	53.9
3_1_1	0.5	1	4043	96.2	91.7
3_1_1	0.5	1	4167	72.9	61.3
3_1_1	0.5	1	4193	61.7	54.4
3_1_1	0.5	1	4293	53.8	43.7
3_1_1	0.5	1	6245	77.1	66.3
3_1_1	0.5	1	6417	70.8	61.5
3_1_1	0.5	1	666	80.0	71.6
3_1_1	0.5	1	759	102.5	148.7
3_1_1	0.5	1	767	89.1	85.2
3_1_1	0.58	0	1292	38.8	13.4
3_1_1	0.58	0	1382	171.6	0
3_1_1	0.58	0	249	73.4	12.6
3_1_1	0.58	0	4043	167.2	60.2
3_1_1	0.58	0	4167	82.1	42.1
3_1_1	0.58	0	4193	133.7	24.2
3_1_1	0.58	0	4293	106.0	92.0
3_1_1	0.58	0	6245	14.9	0
3_1_1	0.58	0	6417	47.1	57.5
3_1_1	0.58	0	666	153.6	107.5
3_1_1	0.58	0	759	3.0	0
3_1_1	0.58	1	1292	28.2	24.3
3_1_1	0.58	1	1382	61.9	53.4
3_1_1	0.58	1	249	64.5	55.8
3_1_1	0.58	1	4043	103.0	90.5
3_1_1	0.58	1	4167	78.4	61.1
3_1_1	0.58	1	4193	65.6	54.7
3_1_1	0.58	1	4293	58.1	45.8
3_1_1	0.58	1	6245	87.1	74.6
3_1_1	0.58	1	6417	78.3	66.4
3_1_1	0.58	1	666	89.4	77.8
3_1_1	0.58	1	759	73.8	94.8
3_1_1	0.58	1	767	92.2	91.9
3_1_1	0.67	1	1292	31.3	28.7
3_1_1	0.67	1	1382	65.4	59.6
3_1_1	0.67	1	249	66.0	60.2
3_1_1	0.67	1	4043	112.2	103.7
3_1_1	0.67	1	4167	92.0	68.1
3_1_1	0.67	1	4193	71.3	59.8
3_1_1	0.67	1	4293	63.1	46.7
3_1_1	0.67	1	6245	91.5	72.3
3_1_1	0.67	1	6417	82.1	69.8
3_1_1	0.67	1	666	89.5	77.0
3_1_1	0.67	1	759	107.4	123.9
3_1_1	0.67	1	767	90.1	82.6
3_1_1	0.75	1	1292	32.3	31.6
3_1_1	0.75	1	1382	75.9	60.1
3_1_1	0.75	1	249	74.7	65.5
3_1_1	0.75	1	4043	125.3	103.9
3_1_1	0.75	1	4167	97.6	70.6
3_1_1	0.75	1	4193	73.3	54.0
3_1_1	0.75	1	4293	66.8	49.1
3_1_1	0.75	1	6245	99.3	82.6
3_1_1	0.75	1	6417	90.0	71.9
3_1_1	0.75	1	666	97.0	80.0
3_1_1	0.75	1	759	110.0	113.3
3_1_1	0.75	1	767	84.0	82.2
3_1_1	0.83	1	1292	38.6	32.2
3_1_1	0.83	1	1382	83.6	59.1
3_1_1	0.83	1	249	78.7	63.3
3_1_1	0.83	1	4043	137.3	102.2
3_1_1	0.83	1	4167	112.8	79.5
3_1_1	0.83	1	4193	83.6	78.6
3_1_1	0.83	1	4293	76.7	56.4
3_1_1	0.83	1	6245	106.5	90.2
3_1_1	0.83	1	6417	98.1	80.1
3_1_1	0.83	1	666	118.9	105.9
3_1_1	0.83	1	759	103.9	103.6
3_1_1	0.83	1	767	117.9	101.6
3_1_1	0.92	1	1292	44.4	46.2
3_1_1	0.92	1	1382	86.0	65.6
3_1_1	0.92	1	249	75.7	67.0
3_1_1	0.92	1	4043	153.5	105.5
3_1_1	0.92	1	4167	130.1	74.5
3_1_1	0.92	1	4193	92.5	77.8
3_1_1	0.92	1	4293	74.7	64.8
3_1_1	0.92	1	6245	117.9	109.2
3_1_1	0.92	1	6417	110.8	78.1
3_1_1	0.92	1	666	108.5	90.2
3_1_1	0.92	1	759	144.2	96.1
3_1_1	0.92	1	767	137.2	100.6
3_1_1	1.0	1	1292	31.6	49.2
3_1_1	1.0	1	1382	85.0	49.8
3_1_1	1.0	1	249	79.3	90.7
3_1_1	1.0	1	4043	146.3	107.9
3_1_1	1.0	1	4167	108.9	41.9
3_1_1	1.0	1	4193	68.7	54.6
3_1_1	1.0	1	4293	66.7	33.3
3_1_1	1.0	1	6245	80.2	78.1
3_1_1	1.0	1	6417	105.6	86.2
3_1_1	1.0	1	666	128.3	107.1
3_1_1	1.0	1	759	140.0	74.1
3_1_1	1.0	1	767	108.4	65.4
